<ticker>,<per>,<date>,<open>,<high>,<low>,<close>,<vol>
AAME,D,20120102,1.97,1.97,1.97,1.97,0
AAON,D,20120102,9.1067,9.1067,9.1067,9.1067,0
AAPL,D,20120102,57.8571,57.8571,57.8571,57.8571,0
AAWW,D,20120102,38.43,38.43,38.43,38.43,0
AAXJ,D,20120102,49.9,49.9,49.9,49.9,0
ABAX,D,20120102,27.67,27.67,27.67,27.67,0
ABCB,D,20120102,10.28,10.28,10.28,10.28,0
ABCD,D,20120102,3.02,3.02,3.02,3.02,0
ABCO,D,20120102,37.105,37.105,37.105,37.105,0
ABIO,D,20120102,42,42,42,42,0
ABMD,D,20120102,18.47,18.47,18.47,18.47,0
ABTL,D,20120102,3.5,3.5,3.5,3.5,0
ACAD,D,20120102,1.08,1.08,1.08,1.08,0
ACET,D,20120102,6.9,6.9,6.9,6.9,0
ACFC,D,20120102,2.85,2.85,2.85,2.85,0
ACGL,D,20120102,37.23,37.23,37.23,37.23,0
ACHC,D,20120102,9.97,9.97,9.97,9.97,0
ACHN,D,20120102,7.62,7.62,7.62,7.62,0
ACIW,D,20120102,9.5467,9.5467,9.5467,9.5467,0
ACLS,D,20120102,5.32,5.32,5.32,5.32,0
ACNB,D,20120102,13.83,13.83,13.83,13.83,0
ACOR,D,20120102,23.84,23.84,23.84,23.84,0
ACRX,D,20120102,1.92,1.92,1.92,1.92,0
ACTG,D,20120102,36.51,36.51,36.51,36.51,0
ACWI,D,20120102,42.17,42.17,42.17,42.17,0
ACWX,D,20120102,36.81,36.81,36.81,36.81,0
ACXM,D,20120102,12.21,12.21,12.21,12.21,0
ADBE,D,20120102,28.27,28.27,28.27,28.27,0
ADES,D,20120102,11.32,11.32,11.32,11.32,0
ADI,D,20120102,35.78,35.78,35.78,35.78,0
ADP,D,20120102,47.4187,47.4187,47.4187,47.4187,0
ADRA,D,20120102,22.43,22.43,22.43,22.43,0
ADRD,D,20120102,18.69,18.69,18.69,18.69,0
ADRE,D,20120102,38.07,38.07,38.07,38.07,0
ADRU,D,20120102,18.63,18.63,18.63,18.63,0
ADSK,D,20120102,30.33,30.33,30.33,30.33,0
ADTN,D,20120102,30.16,30.16,30.16,30.16,0
ADUS,D,20120102,3.57,3.57,3.57,3.57,0
AEGN,D,20120102,15.34,15.34,15.34,15.34,0
AEHR,D,20120102,0.52,0.52,0.52,0.52,0
AEIS,D,20120102,10.73,10.73,10.73,10.73,0
AETI,D,20120102,5.08,5.08,5.08,5.08,0
AEY,D,20120102,2.1,2.1,2.1,2.1,0
AEZS,D,20120102,924,924,924,924,0
AFAM,D,20120102,16.58,16.58,16.58,16.58,0
AFSI,D,20120102,11.875,11.875,11.875,11.875,0
AGEN,D,20120102,2,2,2,2,0
AGII,D,20120102,28.96,28.96,28.96,28.96,0
AGNC,D,20120102,28.08,28.08,28.08,28.08,0
AGYS,D,20120102,7.95,7.95,7.95,7.95,0
AHGP,D,20120102,51.98,51.98,51.98,51.98,0
AHPI,D,20120102,3.4,3.4,3.4,3.4,0
AIMC,D,20120102,18.83,18.83,18.83,18.83,0
AINV,D,20120102,6.44,6.44,6.44,6.44,0
AIRT,D,20120102,8.49,8.49,8.49,8.49,0
AKAM,D,20120102,32.28,32.28,32.28,32.28,0
AKRX,D,20120102,11.12,11.12,11.12,11.12,0
ALCO,D,20120102,19.37,19.37,19.37,19.37,0
ALGN,D,20120102,23.73,23.73,23.73,23.73,0
ALGT,D,20120102,53.34,53.34,53.34,53.34,0
ALIM,D,20120102,1.25,1.25,1.25,1.25,0
ALKS,D,20120102,17.36,17.36,17.36,17.36,0
ALLT,D,20120102,15.2,15.2,15.2,15.2,0
ALNY,D,20120102,8.15,8.15,8.15,8.15,0
ALOG,D,20120102,57.32,57.32,57.32,57.32,0
ALOT,D,20120102,7.61,7.61,7.61,7.61,0
ALRN,D,20120102,2,2,2,2,0
ALSK,D,20120102,3.01,3.01,3.01,3.01,0
ALXN,D,20120102,71.5,71.5,71.5,71.5,0
AMAG,D,20120102,18.91,18.91,18.91,18.91,0
AMAT,D,20120102,10.71,10.71,10.71,10.71,0
AMCN,D,20120102,3.63,3.63,3.63,3.63,0
AMCX,D,20120102,37.58,37.58,37.58,37.58,0
AMD,D,20120102,5.4,5.4,5.4,5.4,0
AMED,D,20120102,10.91,10.91,10.91,10.91,0
AMGN,D,20120102,64.21,64.21,64.21,64.21,0
AMKR,D,20120102,4.36,4.36,4.36,4.36,0
AMNB,D,20120102,19.49,19.49,19.49,19.49,0
AMOT,D,20120102,5.64,5.64,5.64,5.64,0
AMRB,D,20120102,4.55,4.55,4.55,4.55,0
AMRI,D,20120102,2.93,2.93,2.93,2.93,0
AMRN,D,20120102,7.49,7.49,7.49,7.49,0
AMRS,D,20120102,173.1,173.1,173.1,173.1,0
AMSC,D,20120102,36.9,36.9,36.9,36.9,0
AMSF,D,20120102,23.25,23.25,23.25,23.25,0
AMSWA,D,20120102,9.45,9.45,9.45,9.45,0
AMTD,D,20120102,15.65,15.65,15.65,15.65,0
AMWD,D,20120102,13.66,13.66,13.66,13.66,0
AMZN,D,20120102,173.1,173.1,173.1,173.1,0
ANAT,D,20120102,73.03,73.03,73.03,73.03,0
ANCB,D,20120102,6.2,6.2,6.2,6.2,0
ANCX,D,20120102,8.8,8.8,8.8,8.8,0
ANDE,D,20120102,29.1067,29.1067,29.1067,29.1067,0
ANGI,D,20120102,16.1,16.1,16.1,16.1,0
ANGO,D,20120102,14.81,14.81,14.81,14.81,0
ANIK,D,20120102,9.8,9.8,9.8,9.8,0
ANSS,D,20120102,57.28,57.28,57.28,57.28,0
ANTH,D,20120102,392.96,392.96,392.96,392.96,0
AOSL,D,20120102,7.31,7.31,7.31,7.31,0
APEI,D,20120102,43.28,43.28,43.28,43.28,0
APOG,D,20120102,12.26,12.26,12.26,12.26,0
APRI,D,20120102,51.6,51.6,51.6,51.6,0
APWC,D,20120102,2.8,2.8,2.8,2.8,0
ARAY,D,20120102,4.23,4.23,4.23,4.23,0
ARCC,D,20120102,15.45,15.45,15.45,15.45,0
ARCI,D,20120102,5,5,5,5,0
ARCW,D,20120102,1.212,1.212,1.212,1.212,0
AREX,D,20120102,29.41,29.41,29.41,29.41,0
ARII,D,20120102,23.93,23.93,23.93,23.93,0
ARKR,D,20120102,13.4,13.4,13.4,13.4,0
ARLP,D,20120102,37.79,37.79,37.79,37.79,0
ARNA,D,20120102,18.7,18.7,18.7,18.7,0
AROW,D,20120102,23.44,23.44,23.44,23.44,0
ARQL,D,20120102,5.64,5.64,5.64,5.64,0
ARRS,D,20120102,10.82,10.82,10.82,10.82,0
ARRY,D,20120102,2.16,2.16,2.16,2.16,0
ARTNA,D,20120102,18.83,18.83,18.83,18.83,0
ARTW,D,20120102,5.12,5.12,5.12,5.12,0
ARTX,D,20120102,1.2,1.2,1.2,1.2,0
ARWR,D,20120102,4.19,4.19,4.19,4.19,0
ASBB,D,20120102,11.7,11.7,11.7,11.7,0
ASCMA,D,20120102,50.72,50.72,50.72,50.72,0
ASFI,D,20120102,7.98,7.98,7.98,7.98,0
ASML,D,20120102,41.79,41.79,41.79,41.79,0
ASNA,D,20120102,14.86,14.86,14.86,14.86,0
ASPS,D,20120102,50.18,50.18,50.18,50.18,0
ASRV,D,20120102,1.95,1.95,1.95,1.95,0
ASRVP,D,20120102,26.19,26.19,26.19,26.19,0
ASTC,D,20120102,0.56,0.56,0.56,0.56,0
ASTE,D,20120102,32.21,32.21,32.21,32.21,0
ASUR,D,20120102,4.2467,4.2467,4.2467,4.2467,0
ASYS,D,20120102,8.51,8.51,8.51,8.51,0
ATAI,D,20120102,7.5,7.5,7.5,7.5,0
ATAX,D,20120102,4.94,4.94,4.94,4.94,0
ATEC,D,20120102,20.64,20.64,20.64,20.64,0
ATHN,D,20120102,49.12,49.12,49.12,49.12,0
ATHX,D,20120102,1.73,1.73,1.73,1.73,0
ATLO,D,20120102,19.5,19.5,19.5,19.5,0
ATNI,D,20120102,39.05,39.05,39.05,39.05,0
ATRC,D,20120102,11.1,11.1,11.1,11.1,0
ATRI,D,20120102,240.23,240.23,240.23,240.23,0
ATRO,D,20120102,29.8417,29.8417,29.8417,29.8417,0
ATSG,D,20120102,4.72,4.72,4.72,4.72,0
ATVI,D,20120102,12.32,12.32,12.32,12.32,0
AUBN,D,20120102,18.52,18.52,18.52,18.52,0
AUDC,D,20120102,3.9,3.9,3.9,3.9,0
AVAV,D,20120102,31.47,31.47,31.47,31.47,0
AVEO,D,20120102,17.2,17.2,17.2,17.2,0
AVGO,D,20120102,28.86,28.86,28.86,28.86,0
AVID,D,20120102,8.53,8.53,8.53,8.53,0
AVNW,D,20120102,21.96,21.96,21.96,21.96,0
AWRE,D,20120102,3,3,3,3,0
AXAS,D,20120102,3.3,3.3,3.3,3.3,0
AXTI,D,20120102,4.17,4.17,4.17,4.17,0
AZPN,D,20120102,17.35,17.35,17.35,17.35,0
BABY,D,20120102,9.43,9.43,9.43,9.43,0
BANF,D,20120102,37.54,37.54,37.54,37.54,0
BANFP,D,20120102,28,28,28,28,0
BANR,D,20120102,17.15,17.15,17.15,17.15,0
BASI,D,20120102,1.25,1.25,1.25,1.25,0
BBBY,D,20120102,57.97,57.97,57.97,57.97,0
BBGI,D,20120102,3.15,3.15,3.15,3.15,0
BBOX,D,20120102,28.04,28.04,28.04,28.04,0
BBRG,D,20120102,17.15,17.15,17.15,17.15,0
BBRY,D,20120102,14.5,14.5,14.5,14.5,0
BBSI,D,20120102,19.96,19.96,19.96,19.96,0
BCBP,D,20120102,10.09,10.09,10.09,10.09,0
BCOM,D,20120102,14.72,14.72,14.72,14.72,0
BCPC,D,20120102,40.54,40.54,40.54,40.54,0
BCRX,D,20120102,2.47,2.47,2.47,2.47,0
BDE,D,20120102,7.47,7.47,7.47,7.47,0
BDGE,D,20120102,19.9,19.9,19.9,19.9,0
BDSI,D,20120102,0.81,0.81,0.81,0.81,0
BEAT,D,20120102,2.37,2.37,2.37,2.37,0
BEBE,D,20120102,8.33,8.33,8.33,8.33,0
BECN,D,20120102,20.23,20.23,20.23,20.23,0
BELFA,D,20120102,21.2,21.2,21.2,21.2,0
BELFB,D,20120102,18.75,18.75,18.75,18.75,0
BFIN,D,20120102,5.52,5.52,5.52,5.52,0
BGCP,D,20120102,5.94,5.94,5.94,5.94,0
BGFV,D,20120102,10.44,10.44,10.44,10.44,0
BIB,D,20120102,8.69,8.69,8.69,8.69,0
BICK,D,20120102,22.68,22.68,22.68,22.68,0
BIDU,D,20120102,116.47,116.47,116.47,116.47,0
BIIB,D,20120102,101.3683,101.3683,101.3683,101.3683,0
BIOC,D,20120102,12.75,12.75,12.75,12.75,0
BIOS,D,20120102,5.46,5.46,5.46,5.46,0
BIS,D,20120102,130.4,130.4,130.4,130.4,0
BJRI,D,20120102,45.32,45.32,45.32,45.32,0
BKCC,D,20120102,8.16,8.16,8.16,8.16,0
BKEP,D,20120102,6.53,6.53,6.53,6.53,0
BKEPP,D,20120102,7.5,7.5,7.5,7.5,0
BKMU,D,20120102,3.18,3.18,3.18,3.18,0
BKSC,D,20120102,10.29,10.29,10.29,10.29,0
BLDP,D,20120102,1.08,1.08,1.08,1.08,0
BLDR,D,20120102,2.04,2.04,2.04,2.04,0
BLIN,D,20120102,3,3,3,3,0
BLKB,D,20120102,27.7,27.7,27.7,27.7,0
BLMT,D,20120102,10.54,10.54,10.54,10.54,0
BLRX,D,20120102,3.17,3.17,3.17,3.17,0
BMRC,D,20120102,37.59,37.59,37.59,37.59,0
BMRN,D,20120102,34.38,34.38,34.38,34.38,0
BMTC,D,20120102,19.49,19.49,19.49,19.49,0
BNCL,D,20120102,8.36,8.36,8.36,8.36,0
BNSO,D,20120102,1.2,1.2,1.2,1.2,0
BOBE,D,20120102,33.54,33.54,33.54,33.54,0
BOCH,D,20120102,3.35,3.35,3.35,3.35,0
BOFI,D,20120102,4.0625,4.0625,4.0625,4.0625,0
BOKF,D,20120102,54.93,54.93,54.93,54.93,0
BONT,D,20120102,3.37,3.37,3.37,3.37,0
BOOM,D,20120102,19.78,19.78,19.78,19.78,0
BOSC,D,20120102,4,4,4,4,0
BPFH,D,20120102,7.94,7.94,7.94,7.94,0
BPFHW,D,20120102,3.2,3.2,3.2,3.2,0
BPOP,D,20120102,13.9,13.9,13.9,13.9,0
BPOPM,D,20120102,16.5,16.5,16.5,16.5,0
BPOPN,D,20120102,17.32,17.32,17.32,17.32,0
BRCD,D,20120102,5.19,5.19,5.19,5.19,0
BRID,D,20120102,9.6,9.6,9.6,9.6,0
BRKL,D,20120102,8.44,8.44,8.44,8.44,0
BRKR,D,20120102,12.42,12.42,12.42,12.42,0
BRKS,D,20120102,10.27,10.27,10.27,10.27,0
BSET,D,20120102,7.49,7.49,7.49,7.49,0
BSFT,D,20120102,30.2,30.2,30.2,30.2,0
BSPM,D,20120102,13.02,13.02,13.02,13.02,0
BSQR,D,20120102,3.42,3.42,3.42,3.42,0
BSRR,D,20120102,8.8,8.8,8.8,8.8,0
BSTC,D,20120102,16.62,16.62,16.62,16.62,0
BUR,D,20120102,6.99,6.99,6.99,6.99,0
BUSE,D,20120102,5,5,5,5,0
BVSN,D,20120102,10.94,10.94,10.94,10.94,0
BWEN,D,20120102,6.8,6.8,6.8,6.8,0
BWINA,D,20120102,22.15,22.15,22.15,22.15,0
BWINB,D,20120102,21.8,21.8,21.8,21.8,0
BWLD,D,20120102,67.51,67.51,67.51,67.51,0
BYFC,D,20120102,1.56,1.56,1.56,1.56,0
CA,D,20120102,20.22,20.22,20.22,20.22,0
CAAS,D,20120102,3.3,3.3,3.3,3.3,0
CAC,D,20120102,32.6,32.6,32.6,32.6,0
CACC,D,20120102,82.28,82.28,82.28,82.28,0
CADC,D,20120102,28.56,28.56,28.56,28.56,0
CAKE,D,20120102,29.35,29.35,29.35,29.35,0
CALD,D,20120102,6.42,6.42,6.42,6.42,0
CALI,D,20120102,4.98,4.98,4.98,4.98,0
CALL,D,20120102,13.66,13.66,13.66,13.66,0
CALM,D,20120102,18.285,18.285,18.285,18.285,0
CAMP,D,20120102,4.24,4.24,4.24,4.24,0
CAMT,D,20120102,1.75,1.75,1.75,1.75,0
CAR,D,20120102,10.72,10.72,10.72,10.72,0
CARB,D,20120102,11.1,11.1,11.1,11.1,0
CART,D,20120102,2.33,2.33,2.33,2.33,0
CARV,D,20120102,8.29,8.29,8.29,8.29,0
CARZ,D,20120102,22.84,22.84,22.84,22.84,0
CASH,D,20120102,16.65,16.65,16.65,16.65,0
CASM,D,20120102,1.75,1.75,1.75,1.75,0
CASS,D,20120102,36.39,36.39,36.39,36.39,0
CASY,D,20120102,51.51,51.51,51.51,51.51,0
CATM,D,20120102,27.06,27.06,27.06,27.06,0
CATY,D,20120102,14.93,14.93,14.93,14.93,0
CAVM,D,20120102,28.43,28.43,28.43,28.43,0
CBAK,D,20120102,3.15,3.15,3.15,3.15,0
CBAN,D,20120102,2.24,2.24,2.24,2.24,0
CBLI,D,20120102,57.2,57.2,57.2,57.2,0
CBMX,D,20120102,300,300,300,300,0
CBMXW,D,20120102,1.4,1.4,1.4,1.4,0
CBOE,D,20120102,25.86,25.86,25.86,25.86,0
CBPO,D,20120102,10.46,10.46,10.46,10.46,0
CBRL,D,20120102,50.41,50.41,50.41,50.41,0
CBSH,D,20120102,38.12,38.12,38.12,38.12,0
CCBG,D,20120102,9.55,9.55,9.55,9.55,0
CCCL,D,20120102,23.12,23.12,23.12,23.12,0
CCIH,D,20120102,4.01,4.01,4.01,4.01,0
CCMP,D,20120102,47.25,47.25,47.25,47.25,0
CCNE,D,20120102,15.78,15.78,15.78,15.78,0
CCOI,D,20120102,16.89,16.89,16.89,16.89,0
CCRN,D,20120102,5.55,5.55,5.55,5.55,0
CCUR,D,20120102,3.79,3.79,3.79,3.79,0
CDNS,D,20120102,10.4,10.4,10.4,10.4,0
CDTI,D,20120102,14,14,14,14,0
CDXS,D,20120102,5.3,5.3,5.3,5.3,0
CDZI,D,20120102,9.63,9.63,9.63,9.63,0
CECE,D,20120102,5.55,5.55,5.55,5.55,0
CECO,D,20120102,7.97,7.97,7.97,7.97,0
CELG,D,20120102,33.8,33.8,33.8,33.8,0
CELGZ,D,20120102,1.4,1.4,1.4,1.4,0
CENT,D,20120102,8.16,8.16,8.16,8.16,0
CENTA,D,20120102,8.32,8.32,8.32,8.32,0
CENX,D,20120102,8.51,8.51,8.51,8.51,0
CERN,D,20120102,30.625,30.625,30.625,30.625,0
CERS,D,20120102,2.8,2.8,2.8,2.8,0
CETV,D,20120102,6.52,6.52,6.52,6.52,0
CEVA,D,20120102,30.26,30.26,30.26,30.26,0
CFBK,D,20120102,3.1,3.1,3.1,3.1,0
CFFI,D,20120102,26.6,26.6,26.6,26.6,0
CFFN,D,20120102,11.54,11.54,11.54,11.54,0
CFNB,D,20120102,16.08,16.08,16.08,16.08,0
CGEN,D,20120102,4.95,4.95,4.95,4.95,0
CGNX,D,20120102,17.895,17.895,17.895,17.895,0
CHCI,D,20120102,1.1,1.1,1.1,1.1,0
CHCO,D,20120102,33.89,33.89,33.89,33.89,0
CHDN,D,20120102,52.13,52.13,52.13,52.13,0
CHEF,D,20120102,17.86,17.86,17.86,17.86,0
CHFC,D,20120102,21.32,21.32,21.32,21.32,0
CHFN,D,20120102,9.26,9.26,9.26,9.26,0
CHKE,D,20120102,11.67,11.67,11.67,11.67,0
CHKP,D,20120102,52.54,52.54,52.54,52.54,0
CHNR,D,20120102,6.8,6.8,6.8,6.8,0
CHRS,D,20120102,4.9,4.9,4.9,4.9,0
CHRW,D,20120102,69.78,69.78,69.78,69.78,0
CHSCP,D,20120102,29.5,29.5,29.5,29.5,0
CHTR,D,20120102,56.94,56.94,56.94,56.94,0
CIDM,D,20120102,13.7,13.7,13.7,13.7,0
CINF,D,20120102,30.46,30.46,30.46,30.46,0
CIZN,D,20120102,17.52,17.52,17.52,17.52,0
CJJD,D,20120102,1.14,1.14,1.14,1.14,0
CLCT,D,20120102,14.57,14.57,14.57,14.57,0
CLDX,D,20120102,2.6,2.6,2.6,2.6,0
CLFD,D,20120102,7.61,7.61,7.61,7.61,0
CLMT,D,20120102,20.16,20.16,20.16,20.16,0
CLNE,D,20120102,12.46,12.46,12.46,12.46,0
CLNT,D,20120102,3.2,3.2,3.2,3.2,0
CLRO,D,20120102,4.32,4.32,4.32,4.32,0
CLSN,D,20120102,1.7,1.7,1.7,1.7,0
CLUB,D,20120102,7.35,7.35,7.35,7.35,0
CLVS,D,20120102,14.09,14.09,14.09,14.09,0
CLWT,D,20120102,2.53,2.53,2.53,2.53,0
CMCO,D,20120102,12.69,12.69,12.69,12.69,0
CMCSA,D,20120102,11.855,11.855,11.855,11.855,0
CME,D,20120102,48.734,48.734,48.734,48.734,0
CMLS,D,20120102,26.72,26.72,26.72,26.72,0
CMTL,D,20120102,28.62,28.62,28.62,28.62,0
CNBKA,D,20120102,28.24,28.24,28.24,28.24,0
CNET,D,20120102,1.1,1.1,1.1,1.1,0
CNIT,D,20120102,0.63,0.63,0.63,0.63,0
CNMD,D,20120102,25.67,25.67,25.67,25.67,0
CNOB,D,20120102,9.77,9.77,9.77,9.77,0
CNSL,D,20120102,19.05,19.05,19.05,19.05,0
CNTF,D,20120102,9,9,9,9,0
CNTY,D,20120102,2.53,2.53,2.53,2.53,0
COBZ,D,20120102,5.77,5.77,5.77,5.77,0
COHR,D,20120102,52.27,52.27,52.27,52.27,0
COHU,D,20120102,11.35,11.35,11.35,11.35,0
COKE,D,20120102,58.55,58.55,58.55,58.55,0
COLB,D,20120102,19.27,19.27,19.27,19.27,0
COLM,D,20120102,23.275,23.275,23.275,23.275,0
CONN,D,20120102,11.1,11.1,11.1,11.1,0
COOL,D,20120102,102.48,102.48,102.48,102.48,0
CORE,D,20120102,9.9,9.9,9.9,9.9,0
CORT,D,20120102,3.42,3.42,3.42,3.42,0
COST,D,20120102,83.32,83.32,83.32,83.32,0
COWN,D,20120102,2.59,2.59,2.59,2.59,0
CPHC,D,20120102,13.26,13.26,13.26,13.26,0
CPIX,D,20120102,5.38,5.38,5.38,5.38,0
CPLA,D,20120102,36.05,36.05,36.05,36.05,0
CPLP,D,20120102,6.13,6.13,6.13,6.13,0
CPRT,D,20120102,11.9725,11.9725,11.9725,11.9725,0
CPRX,D,20120102,1.29,1.29,1.29,1.29,0
CPSI,D,20120102,51.11,51.11,51.11,51.11,0
CPSS,D,20120102,0.89,0.89,0.89,0.89,0
CPST,D,20120102,23.2,23.2,23.2,23.2,0
CRAI,D,20120102,19.84,19.84,19.84,19.84,0
CRAY,D,20120102,6.47,6.47,6.47,6.47,0
CRDS,D,20120102,107,107,107,107,0
CRED,D,20120102,10.2,10.2,10.2,10.2,0
CREE,D,20120102,22.04,22.04,22.04,22.04,0
CREG,D,20120102,12,12,12,12,0
CRESY,D,20120102,11.39,11.39,11.39,11.39,0
CRIS,D,20120102,4.68,4.68,4.68,4.68,0
CRME,D,20120102,13.15,13.15,13.15,13.15,0
CRMT,D,20120102,39.18,39.18,39.18,39.18,0
CRNT,D,20120102,7.7,7.7,7.7,7.7,0
CROX,D,20120102,14.77,14.77,14.77,14.77,0
CRUS,D,20120102,15.85,15.85,15.85,15.85,0
CRVL,D,20120102,25.855,25.855,25.855,25.855,0
CRWS,D,20120102,3.29,3.29,3.29,3.29,0
CRZO,D,20120102,26.35,26.35,26.35,26.35,0
CSBK,D,20120102,9.28,9.28,9.28,9.28,0
CSCO,D,20120102,18.08,18.08,18.08,18.08,0
CSFL,D,20120102,6.62,6.62,6.62,6.62,0
CSGP,D,20120102,66.73,66.73,66.73,66.73,0
CSGS,D,20120102,14.71,14.71,14.71,14.71,0
CSII,D,20120102,9.85,9.85,9.85,9.85,0
CSIQ,D,20120102,2.66,2.66,2.66,2.66,0
CSOD,D,20120102,18.24,18.24,18.24,18.24,0
CSPI,D,20120102,3.22,3.22,3.22,3.22,0
CSTR,D,20120102,45.64,45.64,45.64,45.64,0
CSWC,D,20120102,20.3875,20.3875,20.3875,20.3875,0
CSX,D,20120102,21.06,21.06,21.06,21.06,0
CTAS,D,20120102,34.81,34.81,34.81,34.81,0
CTBI,D,20120102,29.42,29.42,29.42,29.42,0
CTHR,D,20120102,2.57,2.57,2.57,2.57,0
CTIB,D,20120102,4.38,4.38,4.38,4.38,0
CTIC,D,20120102,58,58,58,58,0
CTRN,D,20120102,8.78,8.78,8.78,8.78,0
CTRP,D,20120102,11.7,11.7,11.7,11.7,0
CTSH,D,20120102,32.155,32.155,32.155,32.155,0
CTWS,D,20120102,27.13,27.13,27.13,27.13,0
CTXS,D,20120102,48.3439,48.3439,48.3439,48.3439,0
CUBA,D,20120102,6.42,6.42,6.42,6.42,0
CUTR,D,20120102,7.45,7.45,7.45,7.45,0
CVBF,D,20120102,10.03,10.03,10.03,10.03,0
CVCO,D,20120102,40.06,40.06,40.06,40.06,0
CVCY,D,20120102,5.43,5.43,5.43,5.43,0
CVGI,D,20120102,9.04,9.04,9.04,9.04,0
CVGW,D,20120102,25.68,25.68,25.68,25.68,0
CVLT,D,20120102,42.72,42.72,42.72,42.72,0
CVLY,D,20120102,8.3,8.3,8.3,8.3,0
CVTI,D,20120102,2.97,2.97,2.97,2.97,0
CVV,D,20120102,12.03,12.03,12.03,12.03,0
CWBC,D,20120102,1.49,1.49,1.49,1.49,0
CWCO,D,20120102,8.58,8.58,8.58,8.58,0
CWST,D,20120102,6.4,6.4,6.4,6.4,0
CXDC,D,20120102,5.34,5.34,5.34,5.34,0
CY,D,20120102,16.89,16.89,16.89,16.89,0
CYAN,D,20120102,6.95,6.95,6.95,6.95,0
CYBE,D,20120102,7.8,7.8,7.8,7.8,0
CYCC,D,20120102,49.56,49.56,49.56,49.56,0
CYCCP,D,20120102,2.85,2.85,2.85,2.85,0
CYOU,D,20120102,23.05,23.05,23.05,23.05,0
CYTK,D,20120102,5.76,5.76,5.76,5.76,0
CYTR,D,20120102,1.96,1.96,1.96,1.96,0
CYTX,D,20120102,33,33,33,33,0
CYTXW,D,20120102,0.98,0.98,0.98,0.98,0
CZFC,D,20120102,6.99,6.99,6.99,6.99,0
CZNC,D,20120102,18.47,18.47,18.47,18.47,0
CZWI,D,20120102,5.13,5.13,5.13,5.13,0
DAIO,D,20120102,3.74,3.74,3.74,3.74,0
DAKT,D,20120102,9.57,9.57,9.57,9.57,0
DAVE,D,20120102,10.3,10.3,10.3,10.3,0
DCIX,D,20120102,43.44,43.44,43.44,43.44,0
DCOM,D,20120102,12.6,12.6,12.6,12.6,0
DCTH,D,20120102,48.8,48.8,48.8,48.8,0
DENN,D,20120102,3.76,3.76,3.76,3.76,0
DEPO,D,20120102,5.18,5.18,5.18,5.18,0
DEST,D,20120102,16.72,16.72,16.72,16.72,0
DFVS,D,20120102,42.36,42.36,42.36,42.36,0
DGAS,D,20120102,17.175,17.175,17.175,17.175,0
DGICA,D,20120102,14.16,14.16,14.16,14.16,0
DGICB,D,20120102,16.43,16.43,16.43,16.43,0
DGII,D,20120102,11.15,11.15,11.15,11.15,0
DGLY,D,20120102,0.6,0.6,0.6,0.6,0
DHIL,D,20120102,73.98,73.98,73.98,73.98,0
DIOD,D,20120102,21.3,21.3,21.3,21.3,0
DISCA,D,20120102,40.97,40.97,40.97,40.97,0
DISCB,D,20120102,41.25,41.25,41.25,41.25,0
DISCK,D,20120102,18.85,18.85,18.85,18.85,0
DISH,D,20120102,28.48,28.48,28.48,28.48,0
DJCO,D,20120102,65.15,65.15,65.15,65.15,0
DLBS,D,20120102,31.97,31.97,31.97,31.97,0
DLTR,D,20120102,41.555,41.555,41.555,41.555,0
DMLP,D,20120102,22.66,22.66,22.66,22.66,0
DMRC,D,20120102,23.89,23.89,23.89,23.89,0
DNBF,D,20120102,10.68,10.68,10.68,10.68,0
DNKN,D,20120102,24.98,24.98,24.98,24.98,0
DORM,D,20120102,18.465,18.465,18.465,18.465,0
DRAD,D,20120102,1.96,1.96,1.96,1.96,0
DRRX,D,20120102,1.18,1.18,1.18,1.18,0
DRWI,D,20120102,86.25,86.25,86.25,86.25,0
DRYS,D,20120102,3360000,3360000,3360000,3360000,0
DSGX,D,20120102,7.16,7.16,7.16,7.16,0
DSPG,D,20120102,5.21,5.21,5.21,5.21,0
DSWL,D,20120102,2.15,2.15,2.15,2.15,0
DTUS,D,20120102,41.51,41.51,41.51,41.51,0
DTYS,D,20120102,32.26,32.26,32.26,32.26,0
DUSA,D,20120102,4.38,4.38,4.38,4.38,0
DVAX,D,20120102,33.2,33.2,33.2,33.2,0
DWCH,D,20120102,5.6,5.6,5.6,5.6,0
DWSN,D,20120102,39.53,39.53,39.53,39.53,0
DXCM,D,20120102,9.31,9.31,9.31,9.31,0
DXPE,D,20120102,32.2,32.2,32.2,32.2,0
DXYN,D,20120102,2.94,2.94,2.94,2.94,0
DYNT,D,20120102,3.4,3.4,3.4,3.4,0
DYSL,D,20120102,1.82,1.82,1.82,1.82,0
EA,D,20120102,20.6,20.6,20.6,20.6,0
EAGLU,D,20120102,10.09,10.09,10.09,10.09,0
EBAY,D,20120102,12.7705,12.7705,12.7705,12.7705,0
EBIX,D,20120102,22.1,22.1,22.1,22.1,0
EBMT,D,20120102,9.85,9.85,9.85,9.85,0
EBSB,D,20120102,5.0858,5.0858,5.0858,5.0858,0
EBTC,D,20120102,14.3,14.3,14.3,14.3,0
ECHO,D,20120102,16.15,16.15,16.15,16.15,0
ECOL,D,20120102,18.78,18.78,18.78,18.78,0
ECPG,D,20120102,21.26,21.26,21.26,21.26,0
ECYT,D,20120102,3.76,3.76,3.76,3.76,0
EDAP,D,20120102,1.69,1.69,1.69,1.69,0
EDGW,D,20120102,2.76,2.76,2.76,2.76,0
EDUC,D,20120102,5.01,5.01,5.01,5.01,0
EEFT,D,20120102,18.48,18.48,18.48,18.48,0
EEI,D,20120102,16.16,16.16,16.16,16.16,0
EFII,D,20120102,14.25,14.25,14.25,14.25,0
EFSC,D,20120102,14.8,14.8,14.8,14.8,0
EGAN,D,20120102,6.91,6.91,6.91,6.91,0
EGBN,D,20120102,14.54,14.54,14.54,14.54,0
EGHT,D,20120102,3.17,3.17,3.17,3.17,0
EGLE,D,20120102,1353.6,1353.6,1353.6,1353.6,0
EGOV,D,20120102,13.31,13.31,13.31,13.31,0
EHTH,D,20120102,14.7,14.7,14.7,14.7,0
ELGX,D,20120102,11.48,11.48,11.48,11.48,0
ELON,D,20120102,48.7,48.7,48.7,48.7,0
ELSE,D,20120102,3.93,3.93,3.93,3.93,0
ELTK,D,20120102,1.3,1.3,1.3,1.3,0
EMCF,D,20120102,15.95,15.95,15.95,15.95,0
EMCI,D,20120102,13.7133,13.7133,13.7133,13.7133,0
EMIF,D,20120102,28.84,28.84,28.84,28.84,0
EMITF,D,20120102,138,138,138,138,0
EMKR,D,20120102,3.44,3.44,3.44,3.44,0
EML,D,20120102,20,20,20,20,0
EMMS,D,20120102,2.64,2.64,2.64,2.64,0
ENDP,D,20120102,34.53,34.53,34.53,34.53,0
ENG,D,20120102,2.11,2.11,2.11,2.11,0
ENOC,D,20120102,10.87,10.87,10.87,10.87,0
ENSG,D,20120102,12.25,12.25,12.25,12.25,0
ENTG,D,20120102,8.73,8.73,8.73,8.73,0
EPAY,D,20120102,23.17,23.17,23.17,23.17,0
EQIX,D,20120102,101.4,101.4,101.4,101.4,0
ERIC,D,20120102,10.13,10.13,10.13,10.13,0
ERIE,D,20120102,78.16,78.16,78.16,78.16,0
ERII,D,20120102,2.58,2.58,2.58,2.58,0
ESBK,D,20120102,16.38,16.38,16.38,16.38,0
ESCA,D,20120102,4.43,4.43,4.43,4.43,0
ESEA,D,20120102,2.35,2.35,2.35,2.35,0
ESGR,D,20120102,98.2,98.2,98.2,98.2,0
ESIO,D,20120102,14.48,14.48,14.48,14.48,0
ESLT,D,20120102,40.93,40.93,40.93,40.93,0
ESRX,D,20120102,44.69,44.69,44.69,44.69,0
ESSA,D,20120102,10.47,10.47,10.47,10.47,0
ETFC,D,20120102,7.96,7.96,7.96,7.96,0
ETRM,D,20120102,25.5,25.5,25.5,25.5,0
EUFN,D,20120102,15.15,15.15,15.15,15.15,0
EVEP,D,20120102,65.9,65.9,65.9,65.9,0
EVK,D,20120102,1.9,1.9,1.9,1.9,0
EVOL,D,20120102,7.45,7.45,7.45,7.45,0
EWBC,D,20120102,19.75,19.75,19.75,19.75,0
EXAC,D,20120102,16.47,16.47,16.47,16.47,0
EXAS,D,20120102,8.12,8.12,8.12,8.12,0
EXEL,D,20120102,4.74,4.74,4.74,4.74,0
EXFO,D,20120102,5.87,5.87,5.87,5.87,0
EXLS,D,20120102,22.37,22.37,22.37,22.37,0
EXPD,D,20120102,40.96,40.96,40.96,40.96,0
EXPE,D,20120102,29.02,29.02,29.02,29.02,0
EXPO,D,20120102,22.985,22.985,22.985,22.985,0
EXTR,D,20120102,2.92,2.92,2.92,2.92,0
EXXI,D,20120102,31.88,31.88,31.88,31.88,0
EZPW,D,20120102,26.37,26.37,26.37,26.37,0
FALC,D,20120102,2.58,2.58,2.58,2.58,0
FARM,D,20120102,7.64,7.64,7.64,7.64,0
FARO,D,20120102,46,46,46,46,0
FAST,D,20120102,43.61,43.61,43.61,43.61,0
FBIZ,D,20120102,16.5,16.5,16.5,16.5,0
FBMS,D,20120102,7.62,7.62,7.62,7.62,0
FBNC,D,20120102,11.15,11.15,11.15,11.15,0
FBNK,D,20120102,13.01,13.01,13.01,13.01,0
FBSS,D,20120102,10.85,10.85,10.85,10.85,0
FCAL,D,20120102,3.26,3.26,3.26,3.26,0
FCAP,D,20120102,18.53,18.53,18.53,18.53,0
FCBC,D,20120102,12.48,12.48,12.48,12.48,0
FCCO,D,20120102,6.19,6.19,6.19,6.19,0
FCCY,D,20120102,6.98,6.98,6.98,6.98,0
FCEL,D,20120102,10.44,10.44,10.44,10.44,0
FCNCA,D,20120102,174.99,174.99,174.99,174.99,0
FDEF,D,20120102,14.59,14.59,14.59,14.59,0
FDUS,D,20120102,12.97,12.97,12.97,12.97,0
FEIM,D,20120102,7.69,7.69,7.69,7.69,0
FELE,D,20120102,21.78,21.78,21.78,21.78,0
FFBC,D,20120102,16.64,16.64,16.64,16.64,0
FFBCW,D,20120102,5.49,5.49,5.49,5.49,0
FFHL,D,20120102,1.23,1.23,1.23,1.23,0
FFIC,D,20120102,12.63,12.63,12.63,12.63,0
FFIN,D,20120102,16.715,16.715,16.715,16.715,0
FFIV,D,20120102,106.12,106.12,106.12,106.12,0
FFKT,D,20120102,4.49,4.49,4.49,4.49,0
FFNW,D,20120102,5.9,5.9,5.9,5.9,0
FHCO,D,20120102,4.51,4.51,4.51,4.51,0
FIBK,D,20120102,13.03,13.03,13.03,13.03,0
FINL,D,20120102,19.28,19.28,19.28,19.28,0
FISI,D,20120102,16.14,16.14,16.14,16.14,0
FISV,D,20120102,29.37,29.37,29.37,29.37,0
FITB,D,20120102,12.72,12.72,12.72,12.72,0
FIZZ,D,20120102,16.07,16.07,16.07,16.07,0
FLAT,D,20120102,58.33,58.33,58.33,58.33,0
FLDM,D,20120102,13.16,13.16,13.16,13.16,0
FLEX,D,20120102,5.66,5.66,5.66,5.66,0
FLIC,D,20120102,17.5467,17.5467,17.5467,17.5467,0
FLIR,D,20120102,25.07,25.07,25.07,25.07,0
FLWS,D,20120102,2.2,2.2,2.2,2.2,0
FLXS,D,20120102,13.84,13.84,13.84,13.84,0
FMBI,D,20120102,10.13,10.13,10.13,10.13,0
FMNB,D,20120102,4.95,4.95,4.95,4.95,0
FNGN,D,20120102,22.33,22.33,22.33,22.33,0
FNLC,D,20120102,15.37,15.37,15.37,15.37,0
FNSR,D,20120102,16.75,16.75,16.75,16.75,0
FOLD,D,20120102,3.44,3.44,3.44,3.44,0
FONE,D,20120102,23.71,23.71,23.71,23.71,0
FONR,D,20120102,1.7,1.7,1.7,1.7,0
FORD,D,20120102,1.67,1.67,1.67,1.67,0
FORM,D,20120102,5.06,5.06,5.06,5.06,0
FORR,D,20120102,33.94,33.94,33.94,33.94,0
FORTY,D,20120102,14.77,14.77,14.77,14.77,0
FOSL,D,20120102,79.36,79.36,79.36,79.36,0
FRAN,D,20120102,17.3,17.3,17.3,17.3,0
FRBK,D,20120102,1.45,1.45,1.45,1.45,0
FRED,D,20120102,14.58,14.58,14.58,14.58,0
FRME,D,20120102,8.47,8.47,8.47,8.47,0
FSBK,D,20120102,3.2,3.2,3.2,3.2,0
FSC,D,20120102,9.57,9.57,9.57,9.57,0
FSFG,D,20120102,16.92,16.92,16.92,16.92,0
FSLR,D,20120102,33.76,33.76,33.76,33.76,0
FSTR,D,20120102,28.29,28.29,28.29,28.29,0
FTEK,D,20120102,6.58,6.58,6.58,6.58,0
FTNT,D,20120102,21.81,21.81,21.81,21.81,0
FTR,D,20120102,5.15,5.15,5.15,5.15,0
FUEL,D,20120102,2.85,2.85,2.85,2.85,0
FULT,D,20120102,9.81,9.81,9.81,9.81,0
FUNC,D,20120102,3.16,3.16,3.16,3.16,0
FUND,D,20120102,6.3,6.3,6.3,6.3,0
FWRD,D,20120102,32.05,32.05,32.05,32.05,0
GABC,D,20120102,12.1267,12.1267,12.1267,12.1267,0
GAIA,D,20120102,3.24,3.24,3.24,3.24,0
GAIN,D,20120102,7.27,7.27,7.27,7.27,0
GALE,D,20120102,9.4,9.4,9.4,9.4,0
GALT,D,20120102,5.76,5.76,5.76,5.76,0
GASS,D,20120102,3.86,3.86,3.86,3.86,0
GBCI,D,20120102,12.03,12.03,12.03,12.03,0
GBDC,D,20120102,15.5,15.5,15.5,15.5,0
GBLI,D,20120102,19.83,19.83,19.83,19.83,0
GBNK,D,20120102,7.35,7.35,7.35,7.35,0
GCBC,D,20120102,8.505,8.505,8.505,8.505,0
GCVRZ,D,20120102,1.2,1.2,1.2,1.2,0
GENC,D,20120102,4.6267,4.6267,4.6267,4.6267,0
GENE,D,20120102,15.15,15.15,15.15,15.15,0
GERN,D,20120102,1.48,1.48,1.48,1.48,0
GEVO,D,20120102,1887,1887,1887,1887,0
GFED,D,20120102,5.7,5.7,5.7,5.7,0
GFN,D,20120102,2.65,2.65,2.65,2.65,0
GGAL,D,20120102,5.93,5.93,5.93,5.93,0
GHDX,D,20120102,25.39,25.39,25.39,25.39,0
GIFI,D,20120102,29.21,29.21,29.21,29.21,0
GIGA,D,20120102,1.42,1.42,1.42,1.42,0
GIGM,D,20120102,4.15,4.15,4.15,4.15,0
GIII,D,20120102,12.455,12.455,12.455,12.455,0
GILD,D,20120102,20.465,20.465,20.465,20.465,0
GILT,D,20120102,3.95,3.95,3.95,3.95,0
GLAD,D,20120102,7.63,7.63,7.63,7.63,0
GLBS,D,20120102,13.24,13.24,13.24,13.24,0
GLBZ,D,20120102,8.15,8.15,8.15,8.15,0
GLDD,D,20120102,5.56,5.56,5.56,5.56,0
GLNG,D,20120102,44.45,44.45,44.45,44.45,0
GLRE,D,20120102,23.67,23.67,23.67,23.67,0
GLUU,D,20120102,3.14,3.14,3.14,3.14,0
GMLP,D,20120102,30.66,30.66,30.66,30.66,0
GNCMA,D,20120102,9.79,9.79,9.79,9.79,0
GNMK,D,20120102,4.12,4.12,4.12,4.12,0
GNTX,D,20120102,14.795,14.795,14.795,14.795,0
GOLD,D,20120102,102.1,102.1,102.1,102.1,0
GOOD,D,20120102,17.55,17.55,17.55,17.55,0
GOODO,D,20120102,23.92,23.92,23.92,23.92,0
GOODP,D,20120102,24.11,24.11,24.11,24.11,0
GOOG,D,20120102,322.95,322.95,322.95,322.95,0
GPIC,D,20120102,6.2,6.2,6.2,6.2,0
GPOR,D,20120102,29.45,29.45,29.45,29.45,0
GPRE,D,20120102,9.76,9.76,9.76,9.76,0
GPRO,D,20120102,59.12,59.12,59.12,59.12,0
GRFS,D,20120102,5.53,5.53,5.53,5.53,0
GRID,D,20120102,24.93,24.93,24.93,24.93,0
GRIF,D,20120102,26.46,26.46,26.46,26.46,0
GRMN,D,20120102,39.81,39.81,39.81,39.81,0
GROW,D,20120102,6.03,6.03,6.03,6.03,0
GRPN,D,20120102,20.63,20.63,20.63,20.63,0
GRVY,D,20120102,11.6,11.6,11.6,11.6,0
GSBC,D,20120102,23.59,23.59,23.59,23.59,0
GSIT,D,20120102,4.68,4.68,4.68,4.68,0
GSM,D,20120102,13.39,13.39,13.39,13.39,0
GSOL,D,20120102,4.85,4.85,4.85,4.85,0
GSVC,D,20120102,13.95,13.95,13.95,13.95,0
GT,D,20120102,14.17,14.17,14.17,14.17,0
GTIM,D,20120102,1.15,1.15,1.15,1.15,0
GTLS,D,20120102,54.07,54.07,54.07,54.07,0
GTXI,D,20120102,3.36,3.36,3.36,3.36,0
GUID,D,20120102,6.48,6.48,6.48,6.48,0
GULF,D,20120102,14.63,14.63,14.63,14.63,0
GURE,D,20120102,1.79,1.79,1.79,1.79,0
GYRO,D,20120102,102,102,102,102,0
HA,D,20120102,5.8,5.8,5.8,5.8,0
HAIN,D,20120102,18.33,18.33,18.33,18.33,0
HALL,D,20120102,6.99,6.99,6.99,6.99,0
HALO,D,20120102,9.51,9.51,9.51,9.51,0
HAS,D,20120102,31.89,31.89,31.89,31.89,0
HAYN,D,20120102,54.6,54.6,54.6,54.6,0
HBAN,D,20120102,5.49,5.49,5.49,5.49,0
HBANP,D,20120102,1099.99,1099.99,1099.99,1099.99,0
HBCP,D,20120102,15.5,15.5,15.5,15.5,0
HBHC,D,20120102,31.97,31.97,31.97,31.97,0
HBIO,D,20120102,3.87,3.87,3.87,3.87,0
HBNC,D,20120102,7.7022,7.7022,7.7022,7.7022,0
HCCI,D,20120102,16.56,16.56,16.56,16.56,0
HCKT,D,20120102,3.74,3.74,3.74,3.74,0
HCOM,D,20120102,15.4,15.4,15.4,15.4,0
HCSG,D,20120102,17.69,17.69,17.69,17.69,0
HDNG,D,20120102,8.05,8.05,8.05,8.05,0
HDSN,D,20120102,1.45,1.45,1.45,1.45,0
HEES,D,20120102,13.42,13.42,13.42,13.42,0
HELE,D,20120102,30.7,30.7,30.7,30.7,0
HFBC,D,20120102,6.45,6.45,6.45,6.45,0
HFBL,D,20120102,14.19,14.19,14.19,14.19,0
HFWA,D,20120102,12.56,12.56,12.56,12.56,0
HGSH,D,20120102,0.62,0.62,0.62,0.62,0
HIBB,D,20120102,45.18,45.18,45.18,45.18,0
HIFS,D,20120102,47.8,47.8,47.8,47.8,0
HIHO,D,20120102,2.1,2.1,2.1,2.1,0
HIMX,D,20120102,1,1,1,1,0
HLIT,D,20120102,5.04,5.04,5.04,5.04,0
HMNF,D,20120102,1.94,1.94,1.94,1.94,0
HMNY,D,20120102,2.01,2.01,2.01,2.01,0
HMSY,D,20120102,31.98,31.98,31.98,31.98,0
HNH,D,20120102,9.9,9.9,9.9,9.9,0
HNRG,D,20120102,9.93,9.93,9.93,9.93,0
HOFT,D,20120102,11.47,11.47,11.47,11.47,0
HOLI,D,20120102,8.32,8.32,8.32,8.32,0
HOLX,D,20120102,17.51,17.51,17.51,17.51,0
HOMB,D,20120102,6.4775,6.4775,6.4775,6.4775,0
HOVNP,D,20120102,1.4,1.4,1.4,1.4,0
HPJ,D,20120102,0.98,0.98,0.98,0.98,0
HRZN,D,20120102,16.32,16.32,16.32,16.32,0
HSIC,D,20120102,64.43,64.43,64.43,64.43,0
HSII,D,20120102,21.54,21.54,21.54,21.54,0
HSKA,D,20120102,7.3,7.3,7.3,7.3,0
HSNI,D,20120102,36.26,36.26,36.26,36.26,0
HSTM,D,20120102,18.45,18.45,18.45,18.45,0
HTBK,D,20120102,4.74,4.74,4.74,4.74,0
HTHT,D,20120102,14.2,14.2,14.2,14.2,0
HTLD,D,20120102,14.29,14.29,14.29,14.29,0
HTLF,D,20120102,15.34,15.34,15.34,15.34,0
HUBG,D,20120102,32.43,32.43,32.43,32.43,0
HURC,D,20120102,21,21,21,21,0
HURN,D,20120102,38.74,38.74,38.74,38.74,0
HWBK,D,20120102,6.05,6.05,6.05,6.05,0
HWCC,D,20120102,13.82,13.82,13.82,13.82,0
HWKN,D,20120102,36.86,36.86,36.86,36.86,0
HYGS,D,20120102,5.25,5.25,5.25,5.25,0
HZNP,D,20120102,4,4,4,4,0
IART,D,20120102,15.415,15.415,15.415,15.415,0
IBB,D,20120102,104.35,104.35,104.35,104.35,0
IBCP,D,20120102,1.33,1.33,1.33,1.33,0
IBKC,D,20120102,49.3,49.3,49.3,49.3,0
IBKR,D,20120102,14.94,14.94,14.94,14.94,0
IBOC,D,20120102,18.33,18.33,18.33,18.33,0
ICAD,D,20120102,0.57,0.57,0.57,0.57,0
ICCC,D,20120102,4.65,4.65,4.65,4.65,0
ICFI,D,20120102,24.78,24.78,24.78,24.78,0
ICLN,D,20120102,8.54,8.54,8.54,8.54,0
ICLR,D,20120102,17.11,17.11,17.11,17.11,0
ICON,D,20120102,16.29,16.29,16.29,16.29,0
ICUI,D,20120102,45,45,45,45,0
IDCC,D,20120102,43.57,43.57,43.57,43.57,0
IDRA,D,20120102,1.05,1.05,1.05,1.05,0
IDSA,D,20120102,5.3,5.3,5.3,5.3,0
IDSY,D,20120102,4.73,4.73,4.73,4.73,0
IDTI,D,20120102,5.46,5.46,5.46,5.46,0
IDXX,D,20120102,38.48,38.48,38.48,38.48,0
IEP,D,20120102,35.8,35.8,35.8,35.8,0
IESC,D,20120102,1.85,1.85,1.85,1.85,0
IFEU,D,20120102,24.69,24.69,24.69,24.69,0
IFGL,D,20120102,25.25,25.25,25.25,25.25,0
IFON,D,20120102,0.62,0.62,0.62,0.62,0
IGLD,D,20120102,11.13,11.13,11.13,11.13,0
IGOV,D,20120102,99.9,99.9,99.9,99.9,0
III,D,20120102,1.03,1.03,1.03,1.03,0
IIIN,D,20120102,10.99,10.99,10.99,10.99,0
IIJI,D,20120102,8.85,8.85,8.85,8.85,0
IIN,D,20120102,6.26,6.26,6.26,6.26,0
IIVI,D,20120102,18.36,18.36,18.36,18.36,0
IKNX,D,20120102,7.57,7.57,7.57,7.57,0
ILMN,D,20120102,30.48,30.48,30.48,30.48,0
IMGN,D,20120102,11.58,11.58,11.58,11.58,0
IMI,D,20120102,8.58,8.58,8.58,8.58,0
IMKTA,D,20120102,15.06,15.06,15.06,15.06,0
IMMR,D,20120102,5.18,5.18,5.18,5.18,0
IMMU,D,20120102,3.33,3.33,3.33,3.33,0
IMMY,D,20120102,0.6,0.6,0.6,0.6,0
IMOS,D,20120102,5.16,5.16,5.16,5.16,0
INAP,D,20120102,5.94,5.94,5.94,5.94,0
INCY,D,20120102,15.01,15.01,15.01,15.01,0
INDB,D,20120102,27.29,27.29,27.29,27.29,0
INDY,D,20120102,19.75,19.75,19.75,19.75,0
INFI,D,20120102,8.84,8.84,8.84,8.84,0
INFN,D,20120102,6.28,6.28,6.28,6.28,0
INOD,D,20120102,3.94,3.94,3.94,3.94,0
INSM,D,20120102,3.05,3.05,3.05,3.05,0
INTC,D,20120102,24.25,24.25,24.25,24.25,0
INTG,D,20120102,18,18,18,18,0
INTL,D,20120102,23.57,23.57,23.57,23.57,0
INTU,D,20120102,52.59,52.59,52.59,52.59,0
INTX,D,20120102,11.09,11.09,11.09,11.09,0
INVE,D,20120102,22.3,22.3,22.3,22.3,0
INWK,D,20120102,9.31,9.31,9.31,9.31,0
IOSP,D,20120102,28.07,28.07,28.07,28.07,0
IPAR,D,20120102,15.56,15.56,15.56,15.56,0
IPAS,D,20120102,1.42,1.42,1.42,1.42,0
IPCC,D,20120102,56.74,56.74,56.74,56.74,0
IPCI,D,20120102,2.74,2.74,2.74,2.74,0
IPGP,D,20120102,33.87,33.87,33.87,33.87,0
IPHS,D,20120102,48.56,48.56,48.56,48.56,0
IPXL,D,20120102,20.17,20.17,20.17,20.17,0
IRBT,D,20120102,29.85,29.85,29.85,29.85,0
IRDM,D,20120102,7.71,7.71,7.71,7.71,0
IRIX,D,20120102,3.74,3.74,3.74,3.74,0
IROQ,D,20120102,11.22,11.22,11.22,11.22,0
IRWD,D,20120102,11.97,11.97,11.97,11.97,0
ISBC,D,20120102,5.2863,5.2863,5.2863,5.2863,0
ISCA,D,20120102,25.35,25.35,25.35,25.35,0
ISHG,D,20120102,96.99,96.99,96.99,96.99,0
ISIG,D,20120102,2.01,2.01,2.01,2.01,0
ISM,D,20120102,19.79,19.79,19.79,19.79,0
ISNS,D,20120102,6.51,6.51,6.51,6.51,0
ISRG,D,20120102,463.01,463.01,463.01,463.01,0
ISRL,D,20120102,89.56,89.56,89.56,89.56,0
ISSC,D,20120102,3.44,3.44,3.44,3.44,0
ITIC,D,20120102,35.77,35.77,35.77,35.77,0
ITRI,D,20120102,35.77,35.77,35.77,35.77,0
ITRN,D,20120102,13.66,13.66,13.66,13.66,0
IVAC,D,20120102,7.4,7.4,7.4,7.4,0
IXYS,D,20120102,10.83,10.83,10.83,10.83,0
JACK,D,20120102,20.9,20.9,20.9,20.9,0
JAKK,D,20120102,14.11,14.11,14.11,14.11,0
JASO,D,20120102,6.7,6.7,6.7,6.7,0
JAZZ,D,20120102,38.63,38.63,38.63,38.63,0
JBHT,D,20120102,45.07,45.07,45.07,45.07,0
JBLU,D,20120102,5.2,5.2,5.2,5.2,0
JBSS,D,20120102,7.54,7.54,7.54,7.54,0
JCOM,D,20120102,28.14,28.14,28.14,28.14,0
JCS,D,20120102,14.06,14.06,14.06,14.06,0
JCTCF,D,20120102,4.085,4.085,4.085,4.085,0
JJSF,D,20120102,53.28,53.28,53.28,53.28,0
JKHY,D,20120102,33.61,33.61,33.61,33.61,0
JMBA,D,20120102,6.55,6.55,6.55,6.55,0
JOBS,D,20120102,20.97,20.97,20.97,20.97,0
JOUT,D,20120102,15.35,15.35,15.35,15.35,0
JRJC,D,20120102,1.62,1.62,1.62,1.62,0
JSM,D,20120102,19.04,19.04,19.04,19.04,0
JVA,D,20120102,7.84,7.84,7.84,7.84,0
JXSB,D,20120102,13.75,13.75,13.75,13.75,0
KALU,D,20120102,45.88,45.88,45.88,45.88,0
KCAP,D,20120102,6.31,6.31,6.31,6.31,0
KELYA,D,20120102,13.68,13.68,13.68,13.68,0
KELYB,D,20120102,13.8,13.8,13.8,13.8,0
KEQU,D,20120102,8.16,8.16,8.16,8.16,0
KERX,D,20120102,2.53,2.53,2.53,2.53,0
KEYW,D,20120102,7.4,7.4,7.4,7.4,0
KFFB,D,20120102,9.18,9.18,9.18,9.18,0
KFRC,D,20120102,12.33,12.33,12.33,12.33,0
KGJI,D,20120102,1.14,1.14,1.14,1.14,0
KINS,D,20120102,3.59,3.59,3.59,3.59,0
KIRK,D,20120102,13.3,13.3,13.3,13.3,0
KLAC,D,20120102,48.25,48.25,48.25,48.25,0
KLIC,D,20120102,9.25,9.25,9.25,9.25,0
KNDI,D,20120102,3.7,3.7,3.7,3.7,0
KONA,D,20120102,6.12,6.12,6.12,6.12,0
KONE,D,20120102,3.1,3.1,3.1,3.1,0
KOOL,D,20120102,14.2,14.2,14.2,14.2,0
KOPN,D,20120102,3.88,3.88,3.88,3.88,0
KOSS,D,20120102,5,5,5,5,0
KRNY,D,20120102,9.5,9.5,9.5,9.5,0
KTCC,D,20120102,4.69,4.69,4.69,4.69,0
KTEC,D,20120102,13.05,13.05,13.05,13.05,0
KTOS,D,20120102,5.97,5.97,5.97,5.97,0
KVHI,D,20120102,7.78,7.78,7.78,7.78,0
LABL,D,20120102,25.73,25.73,25.73,25.73,0
LAKE,D,20120102,9.28,9.28,9.28,9.28,0
LAMR,D,20120102,27.5,27.5,27.5,27.5,0
LANC,D,20120102,69.34,69.34,69.34,69.34,0
LARK,D,20120102,18.7,18.7,18.7,18.7,0
LAWS,D,20120102,15.43,15.43,15.43,15.43,0
LAYN,D,20120102,24.2,24.2,24.2,24.2,0
LBAI,D,20120102,8.62,8.62,8.62,8.62,0
LBIX,D,20120102,2.82,2.82,2.82,2.82,0
LBTYA,D,20120102,20.9658,20.9658,20.9658,20.9658,0
LBTYB,D,20120102,41.1,41.1,41.1,41.1,0
LBTYK,D,20120102,39.52,39.52,39.52,39.52,0
LCNB,D,20120102,12.95,12.95,12.95,12.95,0
LCUT,D,20120102,12.14,12.14,12.14,12.14,0
LECO,D,20120102,39.12,39.12,39.12,39.12,0
LEDS,D,20120102,3.41,3.41,3.41,3.41,0
LFUS,D,20120102,42.98,42.98,42.98,42.98,0
LGCY,D,20120102,28.24,28.24,28.24,28.24,0
LGND,D,20120102,11.87,11.87,11.87,11.87,0
LHCG,D,20120102,12.83,12.83,12.83,12.83,0
LIFE,D,20120102,38.91,38.91,38.91,38.91,0
LINC,D,20120102,7.9,7.9,7.9,7.9,0
LION,D,20120102,6.08,6.08,6.08,6.08,0
LIVE,D,20120102,1.33,1.33,1.33,1.33,0
LKFN,D,20120102,17.2467,17.2467,17.2467,17.2467,0
LKQ,D,20120102,15.04,15.04,15.04,15.04,0
LLNW,D,20120102,2.96,2.96,2.96,2.96,0
LMAT,D,20120102,5.92,5.92,5.92,5.92,0
LMNR,D,20120102,16.91,16.91,16.91,16.91,0
LMNX,D,20120102,21.23,21.23,21.23,21.23,0
LMOS,D,20120102,15.34,15.34,15.34,15.34,0
LNCE,D,20120102,22.5,22.5,22.5,22.5,0
LNDC,D,20120102,5.52,5.52,5.52,5.52,0
LOAN,D,20120102,1.01,1.01,1.01,1.01,0
LOGI,D,20120102,7.78,7.78,7.78,7.78,0
LOGM,D,20120102,38.55,38.55,38.55,38.55,0
LOPE,D,20120102,15.96,15.96,15.96,15.96,0
LORL,D,20120102,64.88,64.88,64.88,64.88,0
LPLA,D,20120102,30.54,30.54,30.54,30.54,0
LPNT,D,20120102,37.15,37.15,37.15,37.15,0
LPSN,D,20120102,12.55,12.55,12.55,12.55,0
LPTH,D,20120102,1.07,1.07,1.07,1.07,0
LQDT,D,20120102,36.9,36.9,36.9,36.9,0
LRAD,D,20120102,1.49,1.49,1.49,1.49,0
LRCX,D,20120102,37.02,37.02,37.02,37.02,0
LSBK,D,20120102,9.55,9.55,9.55,9.55,0
LSCC,D,20120102,5.94,5.94,5.94,5.94,0
LSTR,D,20120102,47.92,47.92,47.92,47.92,0
LTBR,D,20120102,10.2,10.2,10.2,10.2,0
LTRX,D,20120102,2.49,2.49,2.49,2.49,0
LULU,D,20120102,46.66,46.66,46.66,46.66,0
LUNA,D,20120102,1.73,1.73,1.73,1.73,0
LWAY,D,20120102,9.64,9.64,9.64,9.64,0
LXRX,D,20120102,9.03,9.03,9.03,9.03,0
LYTS,D,20120102,6,6,6,6,0
MAGS,D,20120102,3.74,3.74,3.74,3.74,0
MANH,D,20120102,10.12,10.12,10.12,10.12,0
MANT,D,20120102,31.24,31.24,31.24,31.24,0
MARPS,D,20120102,25,25,25,25,0
MASI,D,20120102,18.68,18.68,18.68,18.68,0
MAT,D,20120102,27.76,27.76,27.76,27.76,0
MATR,D,20120102,4.65,4.65,4.65,4.65,0
MATW,D,20120102,31.43,31.43,31.43,31.43,0
MAYS,D,20120102,14.81,14.81,14.81,14.81,0
MBFI,D,20120102,17.1,17.1,17.1,17.1,0
MBTF,D,20120102,1.12,1.12,1.12,1.12,0
MBWM,D,20120102,9.75,9.75,9.75,9.75,0
MCBC,D,20120102,2.28,2.28,2.28,2.28,0
MCEP,D,20120102,18.35,18.35,18.35,18.35,0
MCHP,D,20120102,36.63,36.63,36.63,36.63,0
MCHX,D,20120102,6.25,6.25,6.25,6.25,0
MCRI,D,20120102,10.19,10.19,10.19,10.19,0
MDCA,D,20120102,13.52,13.52,13.52,13.52,0
MDCO,D,20120102,18.64,18.64,18.64,18.64,0
MDRX,D,20120102,18.94,18.94,18.94,18.94,0
MDSO,D,20120102,10.875,10.875,10.875,10.875,0
MELI,D,20120102,79.54,79.54,79.54,79.54,0
MEOH,D,20120102,22.82,22.82,22.82,22.82,0
MERC,D,20120102,6.1,6.1,6.1,6.1,0
MFNC,D,20120102,5.42,5.42,5.42,5.42,0
MFSF,D,20120102,7.07,7.07,7.07,7.07,0
MGEE,D,20120102,31.18,31.18,31.18,31.18,0
MGIC,D,20120102,5.17,5.17,5.17,5.17,0
MGLN,D,20120102,49.47,49.47,49.47,49.47,0
MGPI,D,20120102,5.04,5.04,5.04,5.04,0
MGRC,D,20120102,28.99,28.99,28.99,28.99,0
MGYR,D,20120102,2.46,2.46,2.46,2.46,0
MHLD,D,20120102,8.76,8.76,8.76,8.76,0
MIDD,D,20120102,31.3467,31.3467,31.3467,31.3467,0
MIND,D,20120102,21.84,21.84,21.84,21.84,0
MINI,D,20120102,17.45,17.45,17.45,17.45,0
MITK,D,20120102,7.25,7.25,7.25,7.25,0
MITL,D,20120102,3.18,3.18,3.18,3.18,0
MKSI,D,20120102,27.82,27.82,27.82,27.82,0
MKTX,D,20120102,30.11,30.11,30.11,30.11,0
MLAB,D,20120102,41.44,41.44,41.44,41.44,0
MLHR,D,20120102,18.45,18.45,18.45,18.45,0
MLNK,D,20120102,5.4,5.4,5.4,5.4,0
MLNX,D,20120102,32.49,32.49,32.49,32.49,0
MLVF,D,20120102,5.9,5.9,5.9,5.9,0
MMLP,D,20120102,34.44,34.44,34.44,34.44,0
MMSI,D,20120102,13.38,13.38,13.38,13.38,0
MMYT,D,20120102,24.04,24.04,24.04,24.04,0
MNDO,D,20120102,1.85,1.85,1.85,1.85,0
MNKD,D,20120102,12.5,12.5,12.5,12.5,0
MNOV,D,20120102,1.7,1.7,1.7,1.7,0
MNRO,D,20120102,38.79,38.79,38.79,38.79,0
MNST,D,20120102,15.3567,15.3567,15.3567,15.3567,0
MNTA,D,20120102,17.39,17.39,17.39,17.39,0
MNTX,D,20120102,4.24,4.24,4.24,4.24,0
MOFG,D,20120102,14.62,14.62,14.62,14.62,0
MORN,D,20120102,59.45,59.45,59.45,59.45,0
MOSY,D,20120102,42,42,42,42,0
MPAA,D,20120102,7.5,7.5,7.5,7.5,0
MPAC,D,20120102,6.67,6.67,6.67,6.67,0
MPB,D,20120102,7.54,7.54,7.54,7.54,0
MPWR,D,20120102,15.07,15.07,15.07,15.07,0
MRCY,D,20120102,13.29,13.29,13.29,13.29,0
MRLN,D,20120102,12.7,12.7,12.7,12.7,0
MRTN,D,20120102,11.9933,11.9933,11.9933,11.9933,0
MRVL,D,20120102,13.85,13.85,13.85,13.85,0
MSBF,D,20120102,4.39,4.39,4.39,4.39,0
MSCC,D,20120102,16.75,16.75,16.75,16.75,0
MSEX,D,20120102,18.66,18.66,18.66,18.66,0
MSFG,D,20120102,8.83,8.83,8.83,8.83,0
MSFT,D,20120102,25.96,25.96,25.96,25.96,0
MSON,D,20120102,2.04,2.04,2.04,2.04,0
MSTR,D,20120102,108.32,108.32,108.32,108.32,0
MTEX,D,20120102,4.4,4.4,4.4,4.4,0
MTGE,D,20120102,18.82,18.82,18.82,18.82,0
MTRX,D,20120102,9.44,9.44,9.44,9.44,0
MTSC,D,20120102,40.75,40.75,40.75,40.75,0
MTSL,D,20120102,1.36,1.36,1.36,1.36,0
MU,D,20120102,6.29,6.29,6.29,6.29,0
MVIS,D,20120102,2.88,2.88,2.88,2.88,0
MXIM,D,20120102,26.04,26.04,26.04,26.04,0
MXWL,D,20120102,16.24,16.24,16.24,16.24,0
MYGN,D,20120102,20.94,20.94,20.94,20.94,0
MYL,D,20120102,21.46,21.46,21.46,21.46,0
MYRG,D,20120102,19.14,19.14,19.14,19.14,0
NAII,D,20120102,8.84,8.84,8.84,8.84,0
NANO,D,20120102,18.42,18.42,18.42,18.42,0
NATH,D,20120102,21.02,21.02,21.02,21.02,0
NATI,D,20120102,25.95,25.95,25.95,25.95,0
NATR,D,20120102,15.52,15.52,15.52,15.52,0
NAUH,D,20120102,7.58,7.58,7.58,7.58,0
NAVG,D,20120102,23.84,23.84,23.84,23.84,0
NBIX,D,20120102,8.5,8.5,8.5,8.5,0
NBN,D,20120102,12.6,12.6,12.6,12.6,0
NBTB,D,20120102,22.13,22.13,22.13,22.13,0
NCIT,D,20120102,11.65,11.65,11.65,11.65,0
NCMI,D,20120102,12.4,12.4,12.4,12.4,0
NCTY,D,20120102,7.12,7.12,7.12,7.12,0
NDAQ,D,20120102,24.51,24.51,24.51,24.51,0
NDSN,D,20120102,41.18,41.18,41.18,41.18,0
NEOG,D,20120102,20.4267,20.4267,20.4267,20.4267,0
NEPT,D,20120102,2.92,2.92,2.92,2.92,0
NEWS,D,20120102,10.17,10.17,10.17,10.17,0
NEWT,D,20120102,5.75,5.75,5.75,5.75,0
NFBK,D,20120102,14.16,14.16,14.16,14.16,0
NFEC,D,20120102,0.67,0.67,0.67,0.67,0
NFLX,D,20120102,9.8986,9.8986,9.8986,9.8986,0
NICE,D,20120102,34.45,34.45,34.45,34.45,0
NICK,D,20120102,12.82,12.82,12.82,12.82,0
NIHD,D,20120102,21.3,21.3,21.3,21.3,0
NKSH,D,20120102,27.92,27.92,27.92,27.92,0
NKTR,D,20120102,5.59,5.59,5.59,5.59,0
NLNK,D,20120102,7.04,7.04,7.04,7.04,0
NLST,D,20120102,2.51,2.51,2.51,2.51,0
NMRX,D,20120102,8.23,8.23,8.23,8.23,0
NNBR,D,20120102,6,6,6,6,0
NRIM,D,20120102,17.51,17.51,17.51,17.51,0
NSEC,D,20120102,8.75,8.75,8.75,8.75,0
NSIT,D,20120102,15.29,15.29,15.29,15.29,0
NSSC,D,20120102,2.48,2.48,2.48,2.48,0
NSYS,D,20120102,3.14,3.14,3.14,3.14,0
NTAP,D,20120102,36.27,36.27,36.27,36.27,0
NTCT,D,20120102,17.6,17.6,17.6,17.6,0
NTES,D,20120102,44.85,44.85,44.85,44.85,0
NTGR,D,20120102,33.57,33.57,33.57,33.57,0
NTIC,D,20120102,13.65,13.65,13.65,13.65,0
NTRI,D,20120102,12.93,12.93,12.93,12.93,0
NTRS,D,20120102,39.66,39.66,39.66,39.66,0
NTWK,D,20120102,4.2,4.2,4.2,4.2,0
NUAN,D,20120102,25.16,25.16,25.16,25.16,0
NURO,D,20120102,240,240,240,240,0
NUTR,D,20120102,11.32,11.32,11.32,11.32,0
NUVA,D,20120102,12.59,12.59,12.59,12.59,0
NVAX,D,20120102,1.26,1.26,1.26,1.26,0
NVDA,D,20120102,13.86,13.86,13.86,13.86,0
NVEC,D,20120102,55.53,55.53,55.53,55.53,0
NVMI,D,20120102,7.37,7.37,7.37,7.37,0
NWBI,D,20120102,12.44,12.44,12.44,12.44,0
NWFL,D,20120102,27.47,27.47,27.47,27.47,0
NWLI,D,20120102,136.16,136.16,136.16,136.16,0
NWPX,D,20120102,22.86,22.86,22.86,22.86,0
NWS,D,20120102,18.18,18.18,18.18,18.18,0
NWSA,D,20120102,17.84,17.84,17.84,17.84,0
NXPI,D,20120102,15.37,15.37,15.37,15.37,0
NXST,D,20120102,7.84,7.84,7.84,7.84,0
NXTM,D,20120102,17.78,17.78,17.78,17.78,0
NYMT,D,20120102,7.21,7.21,7.21,7.21,0
NYMX,D,20120102,8.22,8.22,8.22,8.22,0
OBAS,D,20120102,5.25,5.25,5.25,5.25,0
OBCI,D,20120102,2.15,2.15,2.15,2.15,0
OCC,D,20120102,3.19,3.19,3.19,3.19,0
OCFC,D,20120102,13.07,13.07,13.07,13.07,0
OCLR,D,20120102,2.82,2.82,2.82,2.82,0
ODFL,D,20120102,27.02,27.02,27.02,27.02,0
OFED,D,20120102,12,12,12,12,0
OFIX,D,20120102,35.23,35.23,35.23,35.23,0
OFLX,D,20120102,14.13,14.13,14.13,14.13,0
OGXI,D,20120102,11.74,11.74,11.74,11.74,0
OIIM,D,20120102,3.99,3.99,3.99,3.99,0
OKSB,D,20120102,5.96,5.96,5.96,5.96,0
OLBK,D,20120102,8.1,8.1,8.1,8.1,0
OMAB,D,20120102,12.53,12.53,12.53,12.53,0
OMCL,D,20120102,16.52,16.52,16.52,16.52,0
OMER,D,20120102,3.95,3.95,3.95,3.95,0
OMEX,D,20120102,32.88,32.88,32.88,32.88,0
ONEQ,D,20120102,103.02,103.02,103.02,103.02,0
ONVI,D,20120102,2.86,2.86,2.86,2.86,0
OPHC,D,20120102,20,20,20,20,0
OPOF,D,20120102,10.07,10.07,10.07,10.07,0
OPTT,D,20120102,26.7,26.7,26.7,26.7,0
OPXA,D,20120102,3.72,3.72,3.72,3.72,0
OPXAW,D,20120102,0.17,0.17,0.17,0.17,0
ORBC,D,20120102,2.99,2.99,2.99,2.99,0
ORBK,D,20120102,9.98,9.98,9.98,9.98,0
OREX,D,20120102,16.1,16.1,16.1,16.1,0
ORIG,D,20120102,12.2,12.2,12.2,12.2,0
ORIT,D,20120102,12.77,12.77,12.77,12.77,0
ORLY,D,20120102,79.95,79.95,79.95,79.95,0
ORRF,D,20120102,8.25,8.25,8.25,8.25,0
OSBC,D,20120102,1.3,1.3,1.3,1.3,0
OSBCP,D,20120102,4.04,4.04,4.04,4.04,0
OSIS,D,20120102,48.78,48.78,48.78,48.78,0
OSN,D,20120102,2.46,2.46,2.46,2.46,0
OSTK,D,20120102,7.84,7.84,7.84,7.84,0
OSUR,D,20120102,9.11,9.11,9.11,9.11,0
OTEX,D,20120102,12.785,12.785,12.785,12.785,0
OTIV,D,20120102,1.17,1.17,1.17,1.17,0
OTTR,D,20120102,22.02,22.02,22.02,22.02,0
OVBC,D,20120102,18.5,18.5,18.5,18.5,0
OVLY,D,20120102,6.75,6.75,6.75,6.75,0
OXLC,D,20120102,13.32,13.32,13.32,13.32,0
OZRK,D,20120102,14.815,14.815,14.815,14.815,0
PAAS,D,20120102,21.81,21.81,21.81,21.81,0
PACB,D,20120102,2.8,2.8,2.8,2.8,0
PACW,D,20120102,18.95,18.95,18.95,18.95,0
PAGG,D,20120102,26.88,26.88,26.88,26.88,0
PANL,D,20120102,36.69,36.69,36.69,36.69,0
PATK,D,20120102,2.7333,2.7333,2.7333,2.7333,0
PAYX,D,20120102,30.11,30.11,30.11,30.11,0
PBCT,D,20120102,12.85,12.85,12.85,12.85,0
PBHC,D,20120102,8.91,8.91,8.91,8.91,0
PBIB,D,20120102,2.9,2.9,2.9,2.9,0
PBIP,D,20120102,5.18,5.18,5.18,5.18,0
PBSK,D,20120102,10.92,10.92,10.92,10.92,0
PCAR,D,20120102,37.47,37.47,37.47,37.47,0
PCBK,D,20120102,8.85,8.85,8.85,8.85,0
PCH,D,20120102,31.11,31.11,31.11,31.11,0
PCLN,D,20120102,467.71,467.71,467.71,467.71,0
PCO,D,20120102,2.56,2.56,2.56,2.56,0
PCOM,D,20120102,7.95,7.95,7.95,7.95,0
PCRX,D,20120102,8.65,8.65,8.65,8.65,0
PCTI,D,20120102,6.84,6.84,6.84,6.84,0
PCYO,D,20120102,1.88,1.88,1.88,1.88,0
PDCO,D,20120102,29.52,29.52,29.52,29.52,0
PDEX,D,20120102,2.46,2.46,2.46,2.46,0
PDFS,D,20120102,6.97,6.97,6.97,6.97,0
PDLI,D,20120102,6.2,6.2,6.2,6.2,0
PEBK,D,20120102,5.49,5.49,5.49,5.49,0
PEBO,D,20120102,14.81,14.81,14.81,14.81,0
PEGA,D,20120102,14.7,14.7,14.7,14.7,0
PEIX,D,20120102,15.9,15.9,15.9,15.9,0
PENN,D,20120102,38.07,38.07,38.07,38.07,0
PERF,D,20120102,10.4,10.4,10.4,10.4,0
PERI,D,20120102,3.95,3.95,3.95,3.95,0
PERY,D,20120102,14.22,14.22,14.22,14.22,0
PESI,D,20120102,7.75,7.75,7.75,7.75,0
PETS,D,20120102,10.38,10.38,10.38,10.38,0
PFBC,D,20120102,7.45,7.45,7.45,7.45,0
PFBI,D,20120102,4.4,4.4,4.4,4.4,0
PFBX,D,20120102,10.31,10.31,10.31,10.31,0
PFIN,D,20120102,3.46,3.46,3.46,3.46,0
PFLT,D,20120102,10.3,10.3,10.3,10.3,0
PFSW,D,20120102,3.29,3.29,3.29,3.29,0
PGC,D,20120102,10.75,10.75,10.75,10.75,0
PGNX,D,20120102,8.54,8.54,8.54,8.54,0
PHII,D,20120102,23.32,23.32,23.32,23.32,0
PHIIK,D,20120102,24.85,24.85,24.85,24.85,0
PICO,D,20120102,20.58,20.58,20.58,20.58,0
PKBK,D,20120102,5.46,5.46,5.46,5.46,0
PKOH,D,20120102,17.84,17.84,17.84,17.84,0
PLAB,D,20120102,6.08,6.08,6.08,6.08,0
PLBC,D,20120102,2.38,2.38,2.38,2.38,0
PLCE,D,20120102,53.12,53.12,53.12,53.12,0
PLPC,D,20120102,59.66,59.66,59.66,59.66,0
PLUG,D,20120102,2.04,2.04,2.04,2.04,0
PLUS,D,20120102,14.14,14.14,14.14,14.14,0
PLXS,D,20120102,27.38,27.38,27.38,27.38,0
PMBC,D,20120102,3.26,3.26,3.26,3.26,0
PMD,D,20120102,9.1,9.1,9.1,9.1,0
PNBK,D,20120102,17.5,17.5,17.5,17.5,0
PNFP,D,20120102,16.15,16.15,16.15,16.15,0
PNNT,D,20120102,10.09,10.09,10.09,10.09,0
PNQI,D,20120102,34.53,34.53,34.53,34.53,0
PNRG,D,20120102,22.59,22.59,22.59,22.59,0
PNTR,D,20120102,3.41,3.41,3.41,3.41,0
PODD,D,20120102,18.83,18.83,18.83,18.83,0
POOL,D,20120102,30.1,30.1,30.1,30.1,0
POPE,D,20120102,42.99,42.99,42.99,42.99,0
POWI,D,20120102,33.16,33.16,33.16,33.16,0
POWL,D,20120102,31.28,31.28,31.28,31.28,0
PPBI,D,20120102,6.34,6.34,6.34,6.34,0
PPHM,D,20120102,1.03,1.03,1.03,1.03,0
PRAA,D,20120102,22.5067,22.5067,22.5067,22.5067,0
PRAN,D,20120102,8.82,8.82,8.82,8.82,0
PRCP,D,20120102,4.76,4.76,4.76,4.76,0
PRFT,D,20120102,10.01,10.01,10.01,10.01,0
PRFZ,D,20120102,60,60,60,60,0
PRGS,D,20120102,19.35,19.35,19.35,19.35,0
PRGX,D,20120102,5.95,5.95,5.95,5.95,0
PRIM,D,20120102,14.93,14.93,14.93,14.93,0
PRKR,D,20120102,8.6,8.6,8.6,8.6,0
PRMW,D,20120102,3.04,3.04,3.04,3.04,0
PROV,D,20120102,9.32,9.32,9.32,9.32,0
PRPH,D,20120102,1.15,1.15,1.15,1.15,0
PRSC,D,20120102,13.76,13.76,13.76,13.76,0
PRTS,D,20120102,4.37,4.37,4.37,4.37,0
PRXL,D,20120102,20.74,20.74,20.74,20.74,0
PSAU,D,20120102,39.81,39.81,39.81,39.81,0
PSCC,D,20120102,31.45,31.45,31.45,31.45,0
PSCD,D,20120102,27.1,27.1,27.1,27.1,0
PSCE,D,20120102,34.3,34.3,34.3,34.3,0
PSCF,D,20120102,27.04,27.04,27.04,27.04,0
PSCH,D,20120102,31.53,31.53,31.53,31.53,0
PSCI,D,20120102,27.38,27.38,27.38,27.38,0
PSCM,D,20120102,25.84,25.84,25.84,25.84,0
PSCT,D,20120102,28.03,28.03,28.03,28.03,0
PSCU,D,20120102,30.75,30.75,30.75,30.75,0
PSDV,D,20120102,1.11,1.11,1.11,1.11,0
PSEC,D,20120102,9.29,9.29,9.29,9.29,0
PSMT,D,20120102,69.59,69.59,69.59,69.59,0
PSTB,D,20120102,4.08,4.08,4.08,4.08,0
PSTI,D,20120102,2.49,2.49,2.49,2.49,0
PTEN,D,20120102,19.98,19.98,19.98,19.98,0
PTIE,D,20120102,26.6,26.6,26.6,26.6,0
PTNR,D,20120102,8.84,8.84,8.84,8.84,0
PTSI,D,20120102,9.5,9.5,9.5,9.5,0
PWOD,D,20120102,38.78,38.78,38.78,38.78,0
PXLW,D,20120102,2.42,2.42,2.42,2.42,0
PZZA,D,20120102,18.84,18.84,18.84,18.84,0
QABA,D,20120102,22.96,22.96,22.96,22.96,0
QADA,D,20120102,10.5,10.5,10.5,10.5,0
QADB,D,20120102,10.3,10.3,10.3,10.3,0
QBAK,D,20120102,11.4,11.4,11.4,11.4,0
QCLN,D,20120102,9.59,9.59,9.59,9.59,0
QCOM,D,20120102,54.7,54.7,54.7,54.7,0
QCRH,D,20120102,9.1,9.1,9.1,9.1,0
QDEL,D,20120102,15.13,15.13,15.13,15.13,0
QGEN,D,20120102,13.81,13.81,13.81,13.81,0
QNST,D,20120102,9.36,9.36,9.36,9.36,0
QQEW,D,20120102,22.95,22.95,22.95,22.95,0
QQQ,D,20120102,55.83,55.83,55.83,55.83,0
QQQC,D,20120102,13.25,13.25,13.25,13.25,0
QQQX,D,20120102,13.03,13.03,13.03,13.03,0
QQXT,D,20120102,20.78,20.78,20.78,20.78,0
QSII,D,20120102,36.99,36.99,36.99,36.99,0
QTEC,D,20120102,24.12,24.12,24.12,24.12,0
QUIK,D,20120102,2.6,2.6,2.6,2.6,0
RADA,D,20120102,3.84,3.84,3.84,3.84,0
RAIL,D,20120102,20.95,20.95,20.95,20.95,0
RAND,D,20120102,3.1,3.1,3.1,3.1,0
RAVN,D,20120102,30.95,30.95,30.95,30.95,0
RBCAA,D,20120102,22.9,22.9,22.9,22.9,0
RBCN,D,20120102,93.9,93.9,93.9,93.9,0
RBPAA,D,20120102,1.25,1.25,1.25,1.25,0
RCII,D,20120102,37,37,37,37,0
RCKY,D,20120102,9.02,9.02,9.02,9.02,0
RCMT,D,20120102,5.18,5.18,5.18,5.18,0
RCON,D,20120102,0.3,0.3,0.3,0.3,0
RDCM,D,20120102,4.05,4.05,4.05,4.05,0
RDI,D,20120102,4.24,4.24,4.24,4.24,0
RDNT,D,20120102,2.13,2.13,2.13,2.13,0
RDWR,D,20120102,14.625,14.625,14.625,14.625,0
RECN,D,20120102,10.59,10.59,10.59,10.59,0
REFR,D,20120102,3.39,3.39,3.39,3.39,0
REGN,D,20120102,55.43,55.43,55.43,55.43,0
REIS,D,20120102,9.12,9.12,9.12,9.12,0
RELL,D,20120102,12.29,12.29,12.29,12.29,0
RELV,D,20120102,8.61,8.61,8.61,8.61,0
REXX,D,20120102,147.6,147.6,147.6,147.6,0
RFIL,D,20120102,3.75,3.75,3.75,3.75,0
RGCO,D,20120102,11.8333,11.8333,11.8333,11.8333,0
RGEN,D,20120102,3.47,3.47,3.47,3.47,0
RGLD,D,20120102,67.43,67.43,67.43,67.43,0
RICK,D,20120102,8.46,8.46,8.46,8.46,0
RIGL,D,20120102,7.89,7.89,7.89,7.89,0
RLOG,D,20120102,6.51,6.51,6.51,6.51,0
RMBS,D,20120102,7.55,7.55,7.55,7.55,0
RMCF,D,20120102,8.54,8.54,8.54,8.54,0
RMTI,D,20120102,8.47,8.47,8.47,8.47,0
RNET,D,20120102,16.74,16.74,16.74,16.74,0
RNST,D,20120102,15,15,15,15,0
RNWK,D,20120102,7.5,7.5,7.5,7.5,0
ROCK,D,20120102,13.96,13.96,13.96,13.96,0
ROIC,D,20120102,11.84,11.84,11.84,11.84,0
ROLL,D,20120102,41.7,41.7,41.7,41.7,0
ROSE,D,20120102,43.5,43.5,43.5,43.5,0
ROSG,D,20120102,2.7,2.7,2.7,2.7,0
ROST,D,20120102,23.765,23.765,23.765,23.765,0
RP,D,20120102,25.27,25.27,25.27,25.27,0
RPRX,D,20120102,4.82,4.82,4.82,4.82,0
RPXC,D,20120102,12.65,12.65,12.65,12.65,0
RRGB,D,20120102,27.7,27.7,27.7,27.7,0
RSYS,D,20120102,5.06,5.06,5.06,5.06,0
RTIX,D,20120102,4.44,4.44,4.44,4.44,0
RUSHA,D,20120102,20.92,20.92,20.92,20.92,0
RUSHB,D,20120102,17,17,17,17,0
RUTH,D,20120102,4.97,4.97,4.97,4.97,0
RVSB,D,20120102,2.37,2.37,2.37,2.37,0
RYAAY,D,20120102,27.86,27.86,27.86,27.86,0
SAFM,D,20120102,50.13,50.13,50.13,50.13,0
SAFT,D,20120102,40.48,40.48,40.48,40.48,0
SAIA,D,20120102,8.32,8.32,8.32,8.32,0
SALM,D,20120102,2.57,2.57,2.57,2.57,0
SANM,D,20120102,9.31,9.31,9.31,9.31,0
SANW,D,20120102,4.41,4.41,4.41,4.41,0
SASR,D,20120102,17.55,17.55,17.55,17.55,0
SATS,D,20120102,20.94,20.94,20.94,20.94,0
SAVE,D,20120102,15.6,15.6,15.6,15.6,0
SBAC,D,20120102,42.96,42.96,42.96,42.96,0
SBBX,D,20120102,4.32,4.32,4.32,4.32,0
SBCF,D,20120102,7.6,7.6,7.6,7.6,0
SBGI,D,20120102,11.33,11.33,11.33,11.33,0
SBLK,D,20120102,66.75,66.75,66.75,66.75,0
SBNY,D,20120102,59.99,59.99,59.99,59.99,0
SBRA,D,20120102,12.09,12.09,12.09,12.09,0
SBSI,D,20120102,20.6286,20.6286,20.6286,20.6286,0
SBUX,D,20120102,23.005,23.005,23.005,23.005,0
SCHL,D,20120102,29.97,29.97,29.97,29.97,0
SCHN,D,20120102,42.28,42.28,42.28,42.28,0
SCKT,D,20120102,1.87,1.87,1.87,1.87,0
SCLN,D,20120102,4.29,4.29,4.29,4.29,0
SCMP,D,20120102,4.43,4.43,4.43,4.43,0
SCON,D,20120102,221.4,221.4,221.4,221.4,0
SCSC,D,20120102,36,36,36,36,0
SCSS,D,20120102,21.69,21.69,21.69,21.69,0
SCVL,D,20120102,17.1333,17.1333,17.1333,17.1333,0
SEAC,D,20120102,7.03,7.03,7.03,7.03,0
SEED,D,20120102,2.36,2.36,2.36,2.36,0
SEIC,D,20120102,17.35,17.35,17.35,17.35,0
SENEA,D,20120102,25.82,25.82,25.82,25.82,0
SENEB,D,20120102,26.04,26.04,26.04,26.04,0
SEV,D,20120102,4.68,4.68,4.68,4.68,0
SFLY,D,20120102,22.76,22.76,22.76,22.76,0
SFNC,D,20120102,27.19,27.19,27.19,27.19,0
SFST,D,20120102,7.15,7.15,7.15,7.15,0
SGC,D,20120102,12.27,12.27,12.27,12.27,0
SGEN,D,20120102,16.72,16.72,16.72,16.72,0
SGMA,D,20120102,3.3,3.3,3.3,3.3,0
SGMO,D,20120102,2.84,2.84,2.84,2.84,0
SGMS,D,20120102,9.7,9.7,9.7,9.7,0
SGOC,D,20120102,5.2,5.2,5.2,5.2,0
SGRP,D,20120102,1,1,1,1,0
SHBI,D,20120102,5.15,5.15,5.15,5.15,0
SHEN,D,20120102,5.24,5.24,5.24,5.24,0
SHIP,D,20120102,10.8,10.8,10.8,10.8,0
SHLD,D,20120102,31.78,31.78,31.78,31.78,0
SHLM,D,20120102,21.18,21.18,21.18,21.18,0
SHLO,D,20120102,8.38,8.38,8.38,8.38,0
SHOO,D,20120102,23,23,23,23,0
SHOR,D,20120102,6.38,6.38,6.38,6.38,0
SIEB,D,20120102,1.43,1.43,1.43,1.43,0
SIFI,D,20120102,9.85,9.85,9.85,9.85,0
SIFY,D,20120102,4.02,4.02,4.02,4.02,0
SIGI,D,20120102,17.73,17.73,17.73,17.73,0
SIGM,D,20120102,6,6,6,6,0
SILC,D,20120102,17.54,17.54,17.54,17.54,0
SIMO,D,20120102,20.48,20.48,20.48,20.48,0
SINA,D,20120102,52,52,52,52,0
SINO,D,20120102,2.2,2.2,2.2,2.2,0
SIRI,D,20120102,1.82,1.82,1.82,1.82,0
SIVB,D,20120102,47.69,47.69,47.69,47.69,0
SIVBO,D,20120102,24.99,24.99,24.99,24.99,0
SKYW,D,20120102,12.59,12.59,12.59,12.59,0
SKYY,D,20120102,17.2,17.2,17.2,17.2,0
SLAB,D,20120102,43.42,43.42,43.42,43.42,0
SLGN,D,20120102,19.32,19.32,19.32,19.32,0
SLM,D,20120102,4.7857,4.7857,4.7857,4.7857,0
SLMBP,D,20120102,39,39,39,39,0
SLP,D,20120102,2.99,2.99,2.99,2.99,0
SLRC,D,20120102,22.09,22.09,22.09,22.09,0
SMBC,D,20120102,11.235,11.235,11.235,11.235,0
SMCI,D,20120102,15.68,15.68,15.68,15.68,0
SMED,D,20120102,4.11,4.11,4.11,4.11,0
SMIT,D,20120102,3.2,3.2,3.2,3.2,0
SMMF,D,20120102,2.73,2.73,2.73,2.73,0
SMRT,D,20120102,6.81,6.81,6.81,6.81,0
SMSI,D,20120102,4.52,4.52,4.52,4.52,0
SMTC,D,20120102,24.82,24.82,24.82,24.82,0
SMTX,D,20120102,2.82,2.82,2.82,2.82,0
SNAK,D,20120102,3.74,3.74,3.74,3.74,0
SNBC,D,20120102,12.1,12.1,12.1,12.1,0
SNCR,D,20120102,30.21,30.21,30.21,30.21,0
SNFCA,D,20120102,1.63,1.63,1.63,1.63,0
SNHY,D,20120102,23.43,23.43,23.43,23.43,0
SNMX,D,20120102,3.48,3.48,3.48,3.48,0
SNPS,D,20120102,27.2,27.2,27.2,27.2,0
SNSS,D,20120102,7.02,7.02,7.02,7.02,0
SOCL,D,20120102,13.1,13.1,13.1,13.1,0
SODA,D,20120102,32.69,32.69,32.69,32.69,0
SOFO,D,20120102,7.55,7.55,7.55,7.55,0
SOHU,D,20120102,50,50,50,50,0
SONA,D,20120102,6.1,6.1,6.1,6.1,0
SONC,D,20120102,6.73,6.73,6.73,6.73,0
SONS,D,20120102,12,12,12,12,0
SORL,D,20120102,2.35,2.35,2.35,2.35,0
SOXX,D,20120102,49.4,49.4,49.4,49.4,0
SPAR,D,20120102,4.81,4.81,4.81,4.81,0
SPEX,D,20120102,444.6,444.6,444.6,444.6,0
SPIL,D,20120102,4.36,4.36,4.36,4.36,0
SPLS,D,20120102,13.89,13.89,13.89,13.89,0
SPNC,D,20120102,7.22,7.22,7.22,7.22,0
SPNS,D,20120102,3.76,3.76,3.76,3.76,0
SPPI,D,20120102,14.63,14.63,14.63,14.63,0
SPRT,D,20120102,2.25,2.25,2.25,2.25,0
SPSC,D,20120102,25.95,25.95,25.95,25.95,0
SPTN,D,20120102,18.5,18.5,18.5,18.5,0
SPWR,D,20120102,6.23,6.23,6.23,6.23,0
SQQQ,D,20120102,1260.16,1260.16,1260.16,1260.16,0
SRCE,D,20120102,25.33,25.33,25.33,25.33,0
SRCL,D,20120102,77.92,77.92,77.92,77.92,0
SRDX,D,20120102,14.66,14.66,14.66,14.66,0
SREV,D,20120102,15.69,15.69,15.69,15.69,0
SSBI,D,20120102,5.2,5.2,5.2,5.2,0
SSFN,D,20120102,5.3,5.3,5.3,5.3,0
SSNC,D,20120102,18.06,18.06,18.06,18.06,0
SSRI,D,20120102,13.82,13.82,13.82,13.82,0
SSYS,D,20120102,30.41,30.41,30.41,30.41,0
STAA,D,20120102,10.49,10.49,10.49,10.49,0
STB,D,20120102,6.53,6.53,6.53,6.53,0
STBA,D,20120102,19.55,19.55,19.55,19.55,0
STBZ,D,20120102,15.11,15.11,15.11,15.11,0
STFC,D,20120102,13.59,13.59,13.59,13.59,0
STKL,D,20120102,4.82,4.82,4.82,4.82,0
STLD,D,20120102,13.15,13.15,13.15,13.15,0
STLY,D,20120102,2.99,2.99,2.99,2.99,0
STMP,D,20120102,26.13,26.13,26.13,26.13,0
STPP,D,20120102,40.21,40.21,40.21,40.21,0
STRA,D,20120102,97.19,97.19,97.19,97.19,0
STRL,D,20120102,10.77,10.77,10.77,10.77,0
STRM,D,20120102,1.72,1.72,1.72,1.72,0
STRS,D,20120102,7.81,7.81,7.81,7.81,0
STRT,D,20120102,19.95,19.95,19.95,19.95,0
STX,D,20120102,16.4,16.4,16.4,16.4,0
SUMR,D,20120102,7.04,7.04,7.04,7.04,0
SUNS,D,20120102,15.75,15.75,15.75,15.75,0
SVA,D,20120102,2.2,2.2,2.2,2.2,0
SVBI,D,20120102,2.46,2.46,2.46,2.46,0
SVVC,D,20120102,14.33,14.33,14.33,14.33,0
SWIR,D,20120102,7.01,7.01,7.01,7.01,0
SWKS,D,20120102,16.22,16.22,16.22,16.22,0
SYBT,D,20120102,13.6867,13.6867,13.6867,13.6867,0
SYKE,D,20120102,15.66,15.66,15.66,15.66,0
SYMC,D,20120102,15.65,15.65,15.65,15.65,0
SYMX,D,20120102,1.55,1.55,1.55,1.55,0
SYNA,D,20120102,30.15,30.15,30.15,30.15,0
SYNL,D,20120102,10.27,10.27,10.27,10.27,0
SYNT,D,20120102,23.385,23.385,23.385,23.385,0
SYPR,D,20120102,3.92,3.92,3.92,3.92,0
TACT,D,20120102,7.26,7.26,7.26,7.26,0
TAIT,D,20120102,1.14,1.14,1.14,1.14,0
TAST,D,20120102,11.57,11.57,11.57,11.57,0
TATT,D,20120102,4.02,4.02,4.02,4.02,0
TAYD,D,20120102,7.72,7.72,7.72,7.72,0
TBBK,D,20120102,7.23,7.23,7.23,7.23,0
TBNK,D,20120102,19.75,19.75,19.75,19.75,0
TCBI,D,20120102,30.61,30.61,30.61,30.61,0
TCBK,D,20120102,14.22,14.22,14.22,14.22,0
TCCO,D,20120102,7.7,7.7,7.7,7.7,0
TCRD,D,20120102,12.21,12.21,12.21,12.21,0
TCX,D,20120102,3,3,3,3,0
TEAR,D,20120102,11.2,11.2,11.2,11.2,0
TECD,D,20120102,49.41,49.41,49.41,49.41,0
TECH,D,20120102,68.26,68.26,68.26,68.26,0
TESO,D,20120102,12.64,12.64,12.64,12.64,0
TESS,D,20120102,13.82,13.82,13.82,13.82,0
TFSL,D,20120102,8.96,8.96,8.96,8.96,0
TGA,D,20120102,7.9,7.9,7.9,7.9,0
THFF,D,20120102,33.28,33.28,33.28,33.28,0
THLD,D,20120102,1.22,1.22,1.22,1.22,0
TICC,D,20120102,8.65,8.65,8.65,8.65,0
TISA,D,20120102,2.25,2.25,2.25,2.25,0
TITN,D,20120102,21.73,21.73,21.73,21.73,0
TIVO,D,20120102,8.97,8.97,8.97,8.97,0
TLF,D,20120102,4.88,4.88,4.88,4.88,0
TLT,D,20120102,121.25,121.25,121.25,121.25,0
TNAV,D,20120102,7.81,7.81,7.81,7.81,0
TNDM,D,20120102,10.69,10.69,10.69,10.69,0
TOPS,D,20120102,2506,2506,2506,2506,0
TORM,D,20120102,15.66,15.66,15.66,15.66,0
TOWN,D,20120102,12.24,12.24,12.24,12.24,0
TQQQ,D,20120102,8.4988,8.4988,8.4988,8.4988,0
TREE,D,20120102,5.59,5.59,5.59,5.59,0
TRIB,D,20120102,10.18,10.18,10.18,10.18,0
TRIP,D,20120102,25.21,25.21,25.21,25.21,0
TRMB,D,20120102,21.7,21.7,21.7,21.7,0
TRMK,D,20120102,24.29,24.29,24.29,24.29,0
TRNS,D,20120102,11.5,11.5,11.5,11.5,0
TROW,D,20120102,56.95,56.95,56.95,56.95,0
TRS,D,20120102,17.95,17.95,17.95,17.95,0
TRST,D,20120102,5.61,5.61,5.61,5.61,0
TSBK,D,20120102,3.95,3.95,3.95,3.95,0
TSCO,D,20120102,35.075,35.075,35.075,35.075,0
TSEM,D,20120102,9.45,9.45,9.45,9.45,0
TSLA,D,20120102,28.56,28.56,28.56,28.56,0
TSRI,D,20120102,4.15,4.15,4.15,4.15,0
TST,D,20120102,1.68,1.68,1.68,1.68,0
TTEC,D,20120102,16.2,16.2,16.2,16.2,0
TTEK,D,20120102,21.59,21.59,21.59,21.59,0
TTGT,D,20120102,5.84,5.84,5.84,5.84,0
TTMI,D,20120102,10.96,10.96,10.96,10.96,0
TTWO,D,20120102,13.55,13.55,13.55,13.55,0
TUES,D,20120102,3.45,3.45,3.45,3.45,0
TWIN,D,20120102,36.32,36.32,36.32,36.32,0
TWMC,D,20120102,2.53,2.53,2.53,2.53,0
TXN,D,20120102,29.11,29.11,29.11,29.11,0
TXRH,D,20120102,14.9,14.9,14.9,14.9,0
TYPE,D,20120102,15.59,15.59,15.59,15.59,0
TZOO,D,20120102,24.58,24.58,24.58,24.58,0
UBCP,D,20120102,8.46,8.46,8.46,8.46,0
UBFO,D,20120102,2.19,2.19,2.19,2.19,0
UBNK,D,20120102,16.09,16.09,16.09,16.09,0
UBNT,D,20120102,18.23,18.23,18.23,18.23,0
UBOH,D,20120102,6.87,6.87,6.87,6.87,0
UBSH,D,20120102,13.29,13.29,13.29,13.29,0
UBSI,D,20120102,28.27,28.27,28.27,28.27,0
UCBA,D,20120102,5.53,5.53,5.53,5.53,0
UCBI,D,20120102,6.99,6.99,6.99,6.99,0
UCFC,D,20120102,1.27,1.27,1.27,1.27,0
UCTT,D,20120102,6.11,6.11,6.11,6.11,0
UEIC,D,20120102,16.87,16.87,16.87,16.87,0
UEPS,D,20120102,7.67,7.67,7.67,7.67,0
UFCS,D,20120102,20.18,20.18,20.18,20.18,0
UFPI,D,20120102,30.87,30.87,30.87,30.87,0
UFPT,D,20120102,14.77,14.77,14.77,14.77,0
UG,D,20120102,15.25,15.25,15.25,15.25,0
UHAL,D,20120102,88.4,88.4,88.4,88.4,0
ULBI,D,20120102,4.02,4.02,4.02,4.02,0
ULTA,D,20120102,64.92,64.92,64.92,64.92,0
ULTI,D,20120102,65.12,65.12,65.12,65.12,0
UMBF,D,20120102,37.25,37.25,37.25,37.25,0
UMPQ,D,20120102,12.39,12.39,12.39,12.39,0
UNAM,D,20120102,12.05,12.05,12.05,12.05,0
UNB,D,20120102,19.04,19.04,19.04,19.04,0
UNFI,D,20120102,40,40,40,40,0
UNTY,D,20120102,6.4,6.4,6.4,6.4,0
UNXL,D,20120102,5.1,5.1,5.1,5.1,0
URBN,D,20120102,27.56,27.56,27.56,27.56,0
URRE,D,20120102,87.6,87.6,87.6,87.6,0
USAK,D,20120102,7.73,7.73,7.73,7.73,0
USAP,D,20120102,37.36,37.36,37.36,37.36,0
USAT,D,20120102,1.12,1.12,1.12,1.12,0
USATP,D,20120102,17.4,17.4,17.4,17.4,0
USCR,D,20120102,2.9,2.9,2.9,2.9,0
USEG,D,20120102,17.46,17.46,17.46,17.46,0
USLM,D,20120102,60.11,60.11,60.11,60.11,0
UTHR,D,20120102,47.25,47.25,47.25,47.25,0
UTMD,D,20120102,27,27,27,27,0
UTSI,D,20120102,4.14,4.14,4.14,4.14,0
UVSP,D,20120102,14.64,14.64,14.64,14.64,0
VALU,D,20120102,10.28,10.28,10.28,10.28,0
VBFC,D,20120102,20,20,20,20,0
VCIT,D,20120102,82.37,82.37,82.37,82.37,0
VCLT,D,20120102,86.7,86.7,86.7,86.7,0
VCSH,D,20120102,77.86,77.86,77.86,77.86,0
VDSI,D,20120102,6.52,6.52,6.52,6.52,0
VECO,D,20120102,20.8,20.8,20.8,20.8,0
VGIT,D,20120102,65.63,65.63,65.63,65.63,0
VGLT,D,20120102,75.11,75.11,75.11,75.11,0
VGSH,D,20120102,60.98,60.98,60.98,60.98,0
VIA,D,20120102,53.33,53.33,53.33,53.33,0
VIAB,D,20120102,45.41,45.41,45.41,45.41,0
VICL,D,20120102,44.1,44.1,44.1,44.1,0
VICR,D,20120102,7.96,7.96,7.96,7.96,0
VIRC,D,20120102,1.61,1.61,1.61,1.61,0
VIVO,D,20120102,18.84,18.84,18.84,18.84,0
VLGEA,D,20120102,28.45,28.45,28.45,28.45,0
VMBS,D,20120102,51.88,51.88,51.88,51.88,0
VNDA,D,20120102,4.76,4.76,4.76,4.76,0
VNET,D,20120102,9.15,9.15,9.15,9.15,0
VNQI,D,20120102,40.7,40.7,40.7,40.7,0
VOD,D,20120102,28.03,28.03,28.03,28.03,0
VONE,D,20120102,57.25,57.25,57.25,57.25,0
VONG,D,20120102,59.44,59.44,59.44,59.44,0
VONV,D,20120102,55.54,55.54,55.54,55.54,0
VOXX,D,20120102,8.45,8.45,8.45,8.45,0
VRA,D,20120102,32.25,32.25,32.25,32.25,0
VRML,D,20120102,1.19,1.19,1.19,1.19,0
VRNT,D,20120102,27.54,27.54,27.54,27.54,0
VRSK,D,20120102,40.13,40.13,40.13,40.13,0
VRSN,D,20120102,35.72,35.72,35.72,35.72,0
VRTS,D,20120102,76.01,76.01,76.01,76.01,0
VRTU,D,20120102,14.48,14.48,14.48,14.48,0
VRTX,D,20120102,33.21,33.21,33.21,33.21,0
VSAT,D,20120102,46.12,46.12,46.12,46.12,0
VSEC,D,20120102,12.14,12.14,12.14,12.14,0
VTHR,D,20120102,57.42,57.42,57.42,57.42,0
VTWG,D,20120102,60.93,60.93,60.93,60.93,0
VTWO,D,20120102,58.53,58.53,58.53,58.53,0
VTWV,D,20120102,56.67,56.67,56.67,56.67,0
VVUS,D,20120102,9.75,9.75,9.75,9.75,0
VXUS,D,20120102,40.9,40.9,40.9,40.9,0
WABC,D,20120102,43.9,43.9,43.9,43.9,0
WAFD,D,20120102,13.99,13.99,13.99,13.99,0
WASH,D,20120102,23.86,23.86,23.86,23.86,0
WAYN,D,20120102,7.76,7.76,7.76,7.76,0
WBKC,D,20120102,14.1,14.1,14.1,14.1,0
WBMD,D,20120102,37.55,37.55,37.55,37.55,0
WDC,D,20120102,30.95,30.95,30.95,30.95,0
WDFC,D,20120102,40.41,40.41,40.41,40.41,0
WEN,D,20120102,5.36,5.36,5.36,5.36,0
WERN,D,20120102,24.1,24.1,24.1,24.1,0
WETF,D,20120102,6.05,6.05,6.05,6.05,0
WEYS,D,20120102,24.55,24.55,24.55,24.55,0
WFM,D,20120102,34.79,34.79,34.79,34.79,0
WIFI,D,20120102,8.6,8.6,8.6,8.6,0
WILC,D,20120102,4.57,4.57,4.57,4.57,0
WIN,D,20120102,11.74,11.74,11.74,11.74,0
WINA,D,20120102,57.37,57.37,57.37,57.37,0
WIRE,D,20120102,25.9,25.9,25.9,25.9,0
WLB,D,20120102,12.75,12.75,12.75,12.75,0
WLDN,D,20120102,3.96,3.96,3.96,3.96,0
WLFC,D,20120102,11.95,11.95,11.95,11.95,0
WMAR,D,20120102,11.63,11.63,11.63,11.63,0
WMGI,D,20120102,16.5,16.5,16.5,16.5,0
WOOD,D,20120102,37.19,37.19,37.19,37.19,0
WOOF,D,20120102,19.75,19.75,19.75,19.75,0
WPCS,D,20120102,258.72,258.72,258.72,258.72,0
WPPGY,D,20120102,52.23,52.23,52.23,52.23,0
WPRT,D,20120102,33.24,33.24,33.24,33.24,0
WRLD,D,20120102,73.5,73.5,73.5,73.5,0
WRLS,D,20120102,7.5,7.5,7.5,7.5,0
WSBC,D,20120102,19.47,19.47,19.47,19.47,0
WSBF,D,20120102,1.89,1.89,1.89,1.89,0
WSCI,D,20120102,5.59,5.59,5.59,5.59,0
WSFS,D,20120102,11.9867,11.9867,11.9867,11.9867,0
WSTG,D,20120102,12.2,12.2,12.2,12.2,0
WSTL,D,20120102,8.88,8.88,8.88,8.88,0
WTBA,D,20120102,9.58,9.58,9.58,9.58,0
WTFC,D,20120102,28.05,28.05,28.05,28.05,0
WTFCW,D,20120102,12.08,12.08,12.08,12.08,0
WVFC,D,20120102,9.05,9.05,9.05,9.05,0
WVVI,D,20120102,3,3,3,3,0
WWD,D,20120102,40.93,40.93,40.93,40.93,0
WYNN,D,20120102,110.49,110.49,110.49,110.49,0
XBKS,D,20120102,3.73,3.73,3.73,3.73,0
XLNX,D,20120102,32.06,32.06,32.06,32.06,0
XOMA,D,20120102,23,23,23,23,0
XRAY,D,20120102,34.99,34.99,34.99,34.99,0
YNDX,D,20120102,19.7,19.7,19.7,19.7,0
YORW,D,20120102,17.64,17.64,17.64,17.64,0
Z,D,20120102,22.48,22.48,22.48,22.48,0
ZAGG,D,20120102,7.07,7.07,7.07,7.07,0
ZBRA,D,20120102,35.78,35.78,35.78,35.78,0
ZEUS,D,20120102,23.32,23.32,23.32,23.32,0
ZGNX,D,20120102,17.76,17.76,17.76,17.76,0
ZION,D,20120102,16.28,16.28,16.28,16.28,0
ZIONW,D,20120102,3,3,3,3,0
ZIOP,D,20120102,4.41,4.41,4.41,4.41,0
ZIXI,D,20120102,2.82,2.82,2.82,2.82,0
ZN,D,20120102,2.21,2.21,2.21,2.21,0
ZNGA,D,20120102,9.41,9.41,9.41,9.41,0
ZUMZ,D,20120102,27.76,27.76,27.76,27.76,0
